1,86 1,99 0,0 1,14 1,28 0,0 1,78 0,0 1,96 1,76 1,72 1,84 0,0 1,108 0,0 1,31 1,37 1,25 1,37 1,51 1,19 1,68 1,45 1,75 1,71 1,71 0,0 0,0 1,42 1,82 0,0 1,29 1,104 1,13 1,64 1,41 0,0 1,26 0,0 1,14 1,93 0,0 0,0 1,84 0,0 1,23 1,21 0,0 0,0 1,54 
1,18 1,69 1,15 1,82 1,102 0,0 1,82 0,0 1,25 1,39 1,23 1,53 1,90 1,19 1,15 1,94 0,0 1,59 1,21 1,19 0,0 0,0 1,93 1,58 1,95 1,17 1,70 1,90 1,99 1,73 1,43 0,0 1,76 1,95 1,10 0,0 1,95 1,52 1,84 0,0 0,0 1,101 1,73 0,0 1,103 1,13 1,108 1,73 1,71 1,101 
1,87 0,0 0,0 1,99 1,107 1,39 0,0 0,0 0,0 1,22 1,79 1,70 1,41 0,0 1,75 0,0 1,21 0,0 1,23 1,106 1,60 1,14 0,0 1,33 0,0 1,98 1,32 1,30 1,26 1,75 1,87 1,82 0,0 1,22 1,90 1,86 0,0 1,10 0,0 1,51 0,0 1,28 1,85 1,29 1,53 0,0 1,73 0,0 1,91 1,68 
0,0 0,0 0,0 1,92 1,77 1,62 0,0 1,61 1,71 1,105 1,27 1,39 1,37 1,101 1,96 0,0 1,70 1,66 1,102 1,11 1,49 0,0 1,21 1,94 1,80 0,0 1,23 1,80 1,18 1,95 0,0 1,30 0,0 1,67 1,55 0,0 0,0 0,0 1,107 1,89 1,109 1,12 1,93 1,77 1,29 1,79 1,47 1,39 0,0 1,109 
1,28 0,0 1,28 0,0 0,0 1,15 0,0 1,25 1,47 0,0 1,25 1,39 1,34 1,25 1,76 1,82 1,106 0,0 1,70 1,88 1,89 1,81 0,0 0,0 1,34 1,55 0,0 1,90 1,87 1,68 0,0 1,64 0,0 0,0 1,25 0,0 1,18 1,31 0,0 1,18 0,0 1,55 1,62 1,105 1,21 1,20 0,0 1,70 1,92 1,20 
1,92 1,20 1,11 0,0 1,70 1,45 1,30 1,94 1,16 1,15 1,18 0,0 1,87 0,0 1,34 1,59 1,103 1,54 1,26 1,34 1,91 1,71 1,95 1,48 1,13 0,0 1,17 1,32 1,23 1,105 0,0 1,61 1,93 0,0 1,108 0,0 1,67 1,10 0,0 0,0 1,66 1,99 1,11 0,0 1,109 1,20 0,0 1,84 1,105 0,0 
1,38 1,101 1,57 1,91 1,103 1,30 1,78 0,0 1,25 0,0 1,86 1,34 1,63 0,0 0,0 1,74 1,97 1,105 0,0 1,29 1,103 1,16 1,15 0,0 1,41 1,88 1,59 0,0 1,40 0,0 0,0 0,0 0,0 1,19 1,97 1,42 1,84 1,94 1,80 1,63 0,0 1,21 1,98 1,74 1,48 1,98 1,17 1,72 1,68 1,26 
1,85 1,87 0,0 1,102 1,87 1,39 1,100 0,0 1,70 1,61 1,37 1,31 1,49 1,50 1,74 1,87 1,46 1,15 0,0 1,21 0,0 1,94 1,65 0,0 1,85 1,69 1,49 1,59 1,109 1,82 0,0 1,84 0,0 1,100 1,76 1,52 0,0 1,32 1,31 1,70 1,44 1,57 1,103 0,0 1,27 1,11 0,0 0,0 1,75 0,0 
1,58 1,84 1,42 0,0 1,98 0,0 0,0 1,75 1,68 1,12 1,20 0,0 1,29 1,20 1,47 0,0 1,102 1,46 0,0 1,58 1,18 1,60 0,0 0,0 1,43 1,29 0,0 1,47 1,42 1,104 1,103 1,20 1,21 0,0 1,15 0,0 1,68 1,17 1,63 1,84 1,74 0,0 0,0 1,17 1,12 1,24 1,79 0,0 1,49 1,24 
0,0 1,97 1,105 0,0 1,58 1,77 1,23 1,77 1,70 1,63 1,80 1,93 1,66 1,78 0,0 1,36 0,0 0,0 1,10 1,32 1,47 1,109 1,81 1,106 1,27 0,0 1,51 0,0 1,68 1,45 1,98 1,81 1,83 1,17 1,30 0,0 1,102 1,103 1,62 1,99 0,0 0,0 1,23 1,38 0,0 1,13 1,108 1,27 0,0 1,60 
1,98 1,56 0,0 0,0 1,53 0,0 1,75 1,98 1,21 1,76 1,53 1,48 1,14 1,77 1,67 1,32 0,0 1,56 1,41 1,13 0,0 1,30 1,37 1,74 1,61 1,15 1,39 1,52 0,0 1,26 1,98 1,60 1,95 1,12 0,0 1,83 1,55 1,107 1,25 0,0 0,0 1,62 0,0 1,98 1,96 1,38 1,27 1,32 1,33 0,0 
1,36 1,106 0,0 1,71 0,0 1,89 1,94 1,52 0,0 0,0 1,100 1,107 1,38 1,21 1,53 1,54 1,62 1,35 1,48 0,0 1,82 1,97 1,67 1,25 1,37 1,71 1,92 1,87 1,54 1,38 1,23 0,0 1,45 0,0 1,11 1,49 1,33 1,33 1,74 0,0 1,101 0,0 1,68 1,69 1,53 0,0 1,58 1,37 1,62 0,0 
1,43 1,18 0,0 0,0 1,51 1,31 0,0 1,109 1,79 0,0 1,40 1,91 1,86 0,0 1,23 1,17 1,64 1,108 1,79 1,25 1,90 1,57 1,37 0,0 1,85 0,0 1,98 0,0 1,96 1,74 1,57 0,0 0,0 0,0 1,16 1,48 1,37 1,12 1,41 0,0 1,89 1,67 1,56 1,37 1,50 0,0 0,0 1,48 1,51 1,52 
0,0 1,12 0,0 1,75 1,79 1,21 1,18 1,12 1,53 1,83 1,90 1,46 1,12 1,74 1,80 0,0 1,11 1,97 0,0 1,50 1,18 1,65 0,0 1,15 1,97 1,24 1,11 1,75 1,109 1,69 1,67 1,100 1,53 1,92 1,92 1,13 1,49 0,0 1,94 1,71 0,0 1,14 1,42 1,37 0,0 1,94 1,34 1,66 0,0 0,0 
1,24 1,17 1,58 1,18 1,14 1,97 0,0 1,45 1,42 1,46 1,67 1,35 0,0 1,74 1,64 1,38 1,43 1,33 1,40 1,54 1,80 1,42 0,0 1,14 0,0 0,0 1,95 1,89 1,74 0,0 1,65 1,36 1,89 0,0 1,20 0,0 0,0 0,0 0,0 1,30 1,100 1,11 1,34 0,0 0,0 1,59 1,77 0,0 0,0 1,12 
1,20 1,14 0,0 0,0 1,73 1,70 1,74 0,0 1,38 1,37 1,11 1,10 1,92 1,54 1,95 0,0 1,79 1,33 1,65 1,78 0,0 1,88 1,37 1,79 0,0 1,84 1,31 1,47 0,0 1,67 1,30 1,99 1,22 1,52 1,93 1,12 0,0 1,51 1,62 1,77 1,97 1,98 1,17 1,43 1,42 1,91 0,0 1,13 1,42 0,0 
1,37 1,60 0,0 1,95 1,80 0,0 1,29 1,33 1,75 1,84 0,0 1,27 1,28 1,103 1,10 0,0 1,44 1,101 1,67 0,0 1,29 1,55 1,103 1,22 1,89 1,79 1,28 1,40 0,0 0,0 1,108 1,59 1,67 0,0 1,100 0,0 1,78 0,0 1,18 0,0 1,36 0,0 1,82 1,62 0,0 1,27 1,103 0,0 1,21 1,51 
1,41 0,0 1,17 1,78 0,0 0,0 0,0 1,73 0,0 1,11 1,32 0,0 1,47 1,68 1,88 1,56 1,104 1,73 0,0 0,0 1,93 1,20 0,0 1,94 1,83 1,97 1,42 1,79 1,17 1,72 0,0 1,94 1,58 1,45 0,0 1,40 0,0 1,108 1,104 1,36 1,60 1,44 0,0 1,25 1,78 0,0 0,0 1,101 1,109 0,0 
0,0 0,0 1,81 1,79 1,11 1,106 1,20 1,83 1,102 1,21 1,38 1,10 1,22 0,0 1,89 0,0 1,49 1,79 1,61 1,24 0,0 1,74 0,0 1,94 1,21 1,54 0,0 1,101 1,37 1,51 0,0 0,0 1,109 1,107 1,105 1,16 1,101 1,21 0,0 1,48 1,92 1,63 1,28 1,33 1,13 1,90 0,0 1,18 0,0 1,83 
1,47 1,90 0,0 1,109 1,103 0,0 1,59 0,0 0,0 1,53 0,0 1,28 0,0 0,0 1,56 1,85 1,85 1,91 1,86 0,0 1,40 1,45 1,38 1,58 1,107 0,0 1,72 0,0 0,0 0,0 1,71 0,0 1,57 1,47 0,0 1,24 0,0 1,105 0,0 0,0 0,0 1,40 0,0 1,17 1,66 1,35 1,53 0,0 1,76 1,25 
1,60 1,52 1,85 1,33 1,75 1,22 1,39 0,0 0,0 1,90 1,83 1,67 0,0 0,0 1,66 0,0 0,0 0,0 1,33 1,63 1,16 1,62 1,86 0,0 1,72 0,0 1,48 1,21 0,0 1,76 1,104 0,0 1,19 1,92 0,0 0,0 1,106 0,0 1,19 1,106 1,54 1,45 1,75 1,68 0,0 0,0 1,13 1,13 0,0 1,14 
1,56 0,0 1,65 1,60 1,85 0,0 1,37 1,73 1,62 1,21 1,94 0,0 1,97 1,26 0,0 1,87 1,61 1,100 1,93 1,30 1,109 1,100 1,52 1,21 0,0 1,46 0,0 1,72 1,70 1,79 1,24 1,88 1,76 1,67 1,109 1,60 1,29 0,0 1,108 1,53 0,0 1,78 1,86 0,0 1,11 1,56 1,98 1,30 1,91 1,59 
0,0 1,21 0,0 1,57 0,0 1,54 1,86 1,106 0,0 1,88 1,66 1,46 1,72 1,49 1,49 1,89 1,97 0,0 1,76 1,10 1,16 1,101 1,66 1,108 1,56 1,80 1,43 1,11 1,100 1,94 1,68 1,37 0,0 1,104 1,96 1,107 0,0 1,99 1,45 1,37 0,0 0,0 0,0 1,78 1,10 0,0 1,74 1,50 0,0 1,98 
0,0 0,0 1,20 1,93 1,33 1,41 1,33 1,66 1,24 1,22 0,0 1,79 1,62 1,72 0,0 0,0 1,91 1,45 1,45 1,81 0,0 1,34 0,0 0,0 1,80 1,76 1,103 0,0 1,38 1,36 1,43 1,109 1,13 0,0 1,36 1,98 1,51 1,99 1,29 1,91 1,25 1,33 0,0 0,0 1,108 1,62 0,0 1,78 0,0 1,71 
0,0 1,99 0,0 1,11 1,93 1,103 0,0 1,30 1,23 1,52 1,36 1,60 1,66 0,0 1,42 1,16 0,0 1,102 1,74 1,12 1,16 0,0 1,100 1,29 1,12 1,44 0,0 1,85 1,102 1,42 0,0 1,104 1,79 1,53 0,0 1,57 0,0 1,37 1,105 1,74 1,103 0,0 1,76 1,104 0,0 1,94 0,0 1,68 1,31 1,76 
1,80 0,0 0,0 1,52 1,102 0,0 1,64 0,0 1,39 1,55 1,57 1,82 1,90 1,106 1,107 1,56 0,0 1,50 1,16 0,0 0,0 0,0 1,10 1,53 1,91 1,24 1,85 0,0 0,0 0,0 1,27 1,12 1,102 1,21 1,78 0,0 1,85 1,47 0,0 1,108 1,42 1,47 1,76 1,96 1,102 0,0 1,14 1,70 0,0 0,0 
1,69 0,0 1,25 0,0 0,0 0,0 1,105 1,95 1,91 1,73 1,78 1,74 1,88 1,35 1,14 1,25 1,36 0,0 1,96 1,50 0,0 0,0 1,33 0,0 1,18 1,60 1,69 1,30 0,0 0,0 0,0 1,107 1,89 0,0 1,28 0,0 0,0 1,27 1,67 1,40 0,0 1,31 1,61 1,81 1,38 0,0 1,32 1,109 1,62 1,66 
0,0 0,0 1,59 1,86 1,14 1,58 1,97 1,43 0,0 1,24 0,0 1,67 0,0 0,0 1,69 0,0 1,20 0,0 0,0 1,86 1,10 0,0 1,26 1,80 1,82 0,0 0,0 1,65 0,0 1,52 0,0 1,96 1,24 0,0 1,96 0,0 1,39 1,93 1,97 0,0 1,97 1,41 1,69 1,95 1,109 0,0 1,29 1,81 1,79 1,13 
1,63 1,106 1,51 1,108 1,58 1,47 0,0 1,36 1,31 0,0 0,0 1,38 1,104 1,73 1,37 1,57 1,108 0,0 1,41 1,100 1,100 0,0 0,0 1,40 0,0 0,0 1,33 1,27 0,0 1,39 1,17 1,93 0,0 1,49 0,0 1,84 1,43 1,56 1,99 0,0 1,41 1,81 1,65 1,46 1,89 1,56 0,0 1,94 1,86 1,84 
1,94 1,95 1,97 1,55 1,59 1,10 1,96 1,18 1,23 1,22 0,0 0,0 0,0 0,0 1,37 1,60 1,52 0,0 1,95 1,81 1,59 0,0 1,64 1,78 1,70 0,0 1,106 1,69 0,0 1,83 1,108 1,95 1,58 1,29 0,0 1,77 0,0 1,14 1,43 1,39 1,100 1,104 1,76 1,41 0,0 1,21 1,79 0,0 1,68 1,109 
0,0 0,0 0,0 1,67 1,55 1,33 0,0 1,65 1,85 1,30 0,0 1,86 1,85 1,95 0,0 0,0 1,78 1,102 0,0 1,77 1,34 1,54 1,96 1,100 1,23 1,35 0,0 1,48 1,53 1,13 1,22 0,0 0,0 1,21 1,106 1,82 1,73 0,0 1,106 1,37 1,75 0,0 1,13 1,29 1,53 1,81 0,0 1,10 1,59 1,39 
1,48 1,107 1,75 1,26 1,53 1,89 1,57 1,58 1,87 0,0 0,0 1,58 1,90 1,70 1,48 1,102 1,71 1,27 1,86 1,98 0,0 0,0 1,52 0,0 0,0 1,55 1,14 1,89 1,79 0,0 1,85 1,75 1,63 1,25 1,50 0,0 0,0 1,79 1,37 1,11 1,66 1,20 1,95 1,103 1,16 0,0 1,103 0,0 1,82 1,25 
1,109 1,15 1,56 1,63 0,0 1,47 1,59 1,32 1,30 1,64 1,32 1,56 1,69 0,0 1,106 1,38 0,0 1,62 0,0 0,0 0,0 1,26 0,0 1,67 1,86 0,0 0,0 0,0 1,109 1,103 0,0 1,13 1,46 1,73 0,0 1,45 1,25 1,29 0,0 0,0 1,31 1,103 1,62 1,54 0,0 1,25 1,86 0,0 1,33 0,0 
1,90 0,0 1,19 1,47 1,33 1,95 1,52 1,51 1,67 1,12 1,108 1,53 0,0 1,72 0,0 1,95 1,44 1,102 1,33 0,0 1,89 1,93 1,104 1,96 1,62 1,103 1,87 1,19 1,64 1,77 1,78 1,108 1,60 0,0 0,0 1,62 1,64 1,42 1,18 1,11 1,100 0,0 1,51 0,0 1,54 1,104 1,97 1,84 1,41 0,0 
1,47 1,92 1,106 1,91 1,82 0,0 1,92 0,0 1,43 1,66 1,46 1,40 1,25 1,80 1,21 1,43 0,0 1,56 1,55 1,30 1,107 0,0 0,0 1,36 0,0 0,0 1,22 1,24 1,43 1,11 1,87 0,0 1,93 1,45 1,55 1,76 0,0 1,80 1,79 1,57 1,94 1,91 1,42 1,51 1,91 0,0 1,11 1,57 0,0 1,33 
0,0 1,25 1,71 1,71 0,0 1,42 1,36 1,50 1,72 1,74 1,69 0,0 1,87 0,0 1,45 1,65 1,33 0,0 0,0 1,36 1,69 1,33 0,0 1,75 0,0 1,49 1,56 1,77 0,0 1,31 0,0 1,93 1,61 0,0 1,83 1,53 1,96 1,109 0,0 1,27 0,0 0,0 1,71 1,103 1,65 0,0 1,24 1,104 1,26 1,83 
1,17 1,11 1,90 1,68 1,14 1,101 1,54 1,91 0,0 1,73 1,108 1,102 1,100 1,30 0,0 1,64 1,39 1,50 0,0 1,91 0,0 0,0 1,70 1,65 1,92 1,89 1,75 1,105 1,25 0,0 0,0 1,60 0,0 1,98 1,99 1,35 1,67 1,96 1,92 0,0 1,55 0,0 1,24 1,103 0,0 1,52 1,91 1,22 1,106 1,76 
1,76 0,0 0,0 1,100 1,71 1,99 1,69 1,45 1,29 0,0 0,0 1,46 1,102 1,33 0,0 1,91 1,12 0,0 0,0 1,15 1,37 1,28 0,0 1,15 0,0 1,73 1,102 0,0 1,48 0,0 1,59 0,0 0,0 1,43 1,18 1,46 0,0 0,0 1,41 1,106 0,0 1,38 1,19 0,0 1,54 0,0 1,27 0,0 1,46 1,46 
1,19 0,0 1,49 0,0 1,100 0,0 0,0 1,24 0,0 1,14 0,0 1,78 0,0 1,66 1,94 1,27 1,85 1,75 1,22 1,20 0,0 1,69 1,98 1,58 1,43 0,0 0,0 0,0 1,42 1,44 0,0 1,16 1,60 1,20 1,17 1,85 0,0 0,0 1,30 1,18 0,0 0,0 1,31 1,17 1,109 1,67 1,71 1,17 1,100 1,20 
1,10 0,0 1,46 0,0 1,88 1,48 0,0 0,0 1,103 1,25 1,25 1,82 1,57 0,0 1,53 1,61 1,49 1,105 0,0 1,36 1,24 0,0 1,95 1,29 0,0 0,0 1,90 0,0 1,108 1,66 1,19 0,0 1,99 1,55 1,75 0,0 1,86 1,61 1,51 0,0 0,0 0,0 1,83 1,25 1,54 1,56 1,13 1,93 1,50 1,43 
0,0 0,0 1,63 1,96 1,62 1,22 0,0 1,78 1,92 1,97 1,78 1,72 1,14 1,106 1,22 1,74 1,19 1,55 1,26 1,19 1,71 0,0 1,88 1,71 1,41 1,22 1,21 1,66 1,70 1,109 1,107 1,52 1,16 1,33 1,54 0,0 0,0 1,17 1,94 1,97 1,90 1,67 1,88 0,0 1,50 0,0 0,0 1,19 0,0 1,72 
1,76 1,31 1,46 1,17 1,36 0,0 1,47 0,0 0,0 1,46 1,16 0,0 0,0 1,62 1,40 1,77 0,0 0,0 1,10 1,46 1,26 0,0 0,0 1,25 1,56 0,0 1,109 1,87 0,0 0,0 1,22 0,0 0,0 1,90 1,46 0,0 1,34 1,20 1,97 0,0 0,0 1,64 1,45 1,33 1,41 0,0 0,0 1,83 1,87 1,67 
1,104 0,0 1,26 1,75 0,0 0,0 1,81 1,22 1,86 1,35 1,17 1,19 1,85 1,60 1,102 1,16 1,73 1,98 1,39 1,10 0,0 0,0 0,0 1,46 1,13 1,25 1,41 0,0 1,85 1,107 1,18 1,106 1,19 1,26 1,87 0,0 1,85 1,34 1,67 1,29 0,0 0,0 0,0 1,102 1,54 1,67 0,0 1,25 1,82 1,64 
0,0 1,35 0,0 0,0 1,77 1,47 1,58 1,106 0,0 1,80 0,0 0,0 1,46 0,0 1,23 1,52 1,51 1,88 0,0 1,13 0,0 1,91 1,72 1,29 0,0 0,0 0,0 1,18 1,21 1,86 1,92 1,77 1,33 0,0 1,78 1,30 1,61 1,30 1,59 1,72 1,34 0,0 1,101 1,75 1,81 1,39 1,79 1,83 0,0 1,93 
0,0 1,37 1,78 1,98 1,21 1,40 1,34 1,67 0,0 0,0 1,49 1,69 0,0 1,70 1,89 1,34 0,0 1,87 1,96 1,11 1,75 1,42 1,57 1,72 0,0 1,101 1,89 0,0 0,0 1,101 1,10 1,97 1,41 1,33 0,0 1,28 1,45 1,20 0,0 0,0 0,0 0,0 1,34 0,0 1,29 0,0 1,67 1,102 1,74 1,86 
1,15 1,46 1,41 0,0 1,76 1,102 1,36 1,30 1,87 1,14 1,95 0,0 1,17 1,15 0,0 0,0 0,0 0,0 1,22 0,0 1,16 0,0 1,81 1,28 0,0 1,104 0,0 0,0 0,0 1,91 1,79 0,0 0,0 0,0 0,0 0,0 0,0 1,43 1,81 0,0 1,91 1,96 0,0 1,72 0,0 0,0 0,0 1,10 1,29 1,51 
1,89 0,0 1,19 1,95 1,89 1,92 1,90 0,0 0,0 1,66 0,0 1,29 0,0 1,104 1,96 1,69 1,32 1,73 0,0 0,0 1,93 0,0 1,40 1,38 1,60 1,109 1,75 1,107 1,49 0,0 1,93 1,23 0,0 1,63 1,102 1,34 0,0 1,63 1,23 1,105 0,0 1,21 0,0 0,0 0,0 1,30 1,79 1,53 0,0 1,78 
1,77 0,0 1,61 1,20 1,25 0,0 0,0 1,74 1,101 1,59 0,0 1,50 1,97 1,33 1,54 1,48 0,0 1,31 1,77 1,62 1,62 1,22 0,0 1,66 1,72 1,61 1,94 1,10 1,26 1,37 1,27 1,30 0,0 1,18 1,20 1,71 1,100 1,73 1,100 1,68 0,0 1,14 0,0 1,42 0,0 0,0 1,52 0,0 1,83 0,0 
1,20 1,21 0,0 1,67 1,63 1,24 1,82 1,10 1,17 0,0 0,0 0,0 1,31 1,48 1,70 1,91 0,0 1,44 1,47 1,92 0,0 0,0 1,51 1,20 0,0 1,43 1,47 0,0 1,14 1,19 0,0 1,101 1,59 0,0 1,70 0,0 1,81 0,0 0,0 1,46 1,69 1,59 1,85 1,35 1,97 1,38 0,0 1,90 0,0 0,0 
0,0 0,0 1,17 1,65 0,0 0,0 1,82 1,17 0,0 1,33 1,107 1,72 0,0 0,0 0,0 1,22 1,24 1,48 1,106 1,29 1,57 1,73 1,84 1,68 1,79 1,42 1,22 1,77 0,0 1,89 1,32 1,76 0,0 1,58 1,64 0,0 0,0 1,73 1,94 1,57 1,89 0,0 1,10 1,47 1,33 1,30 0,0 1,21 0,0 1,65 
