1,16 1,78 0,0 1,47 1,19 0,0 1,49 0,0 1,76 1,53 1,26 1,105 0,0 1,18 0,0 1,98 1,12 1,28 1,27 1,49 1,75 1,78 1,93 1,57 1,88 1,17 0,0 0,0 1,72 1,87 0,0 1,17 1,66 1,78 1,58 1,106 0,0 1,29 0,0 1,48 1,54 0,0 0,0 1,79 0,0 1,95 1,84 0,0 0,0 1,16 1,106 1,59 1,86 1,99 1,83 0,0 1,44 0,0 1,74 1,52 1,24 1,97 1,35 1,36 1,98 1,11 0,0 1,93 1,63 1,55 0,0 0,0 1,12 1,102 1,96 1,26 1,107 1,98 1,107 1,83 1,17 0,0 1,71 1,55 1,90 0,0 1,18 1,31 1,10 0,0 0,0 1,94 1,106 0,0 1,106 1,37 1,80 1,101 1,25 1,32 
1,29 0,0 0,0 1,39 1,100 1,55 0,0 0,0 0,0 1,29 1,102 1,30 1,102 0,0 1,92 0,0 1,38 0,0 1,84 1,94 1,68 1,66 0,0 1,22 0,0 1,41 1,93 1,44 1,11 1,79 1,14 1,58 0,0 1,80 1,90 1,42 0,0 1,30 0,0 1,69 0,0 1,32 1,19 1,100 1,91 0,0 1,51 0,0 1,50 1,97 0,0 0,0 0,0 1,91 1,86 1,109 0,0 1,101 1,63 1,109 1,83 1,56 1,17 1,79 1,28 0,0 1,37 1,18 1,81 1,79 1,31 0,0 1,80 1,47 1,57 0,0 1,14 1,28 1,74 1,107 0,0 1,39 0,0 1,91 1,47 0,0 0,0 0,0 1,73 1,42 1,61 1,76 1,24 1,25 1,55 1,101 1,53 1,36 0,0 1,25 
1,85 0,0 1,49 0,0 0,0 1,101 0,0 1,24 1,16 0,0 1,83 1,10 1,58 1,98 1,32 1,89 1,67 0,0 1,82 1,58 1,13 1,108 0,0 0,0 1,55 1,73 0,0 1,83 1,76 1,22 0,0 1,12 0,0 0,0 1,60 0,0 1,108 1,13 0,0 1,87 0,0 1,50 1,94 1,30 1,90 1,68 0,0 1,26 1,87 1,83 1,18 1,46 1,42 0,0 1,47 1,100 1,41 1,13 1,82 1,69 1,38 0,0 1,57 0,0 1,53 1,88 1,81 1,27 1,50 1,61 1,86 1,72 1,13 1,101 1,64 0,0 1,108 1,99 1,102 1,33 0,0 1,61 1,85 0,0 1,90 0,0 1,27 1,14 0,0 0,0 1,72 1,17 1,46 0,0 1,60 1,29 0,0 1,24 1,67 0,0 
1,52 1,16 1,25 1,50 1,60 1,109 1,78 0,0 1,34 0,0 1,22 1,71 1,64 0,0 0,0 1,51 1,25 1,26 0,0 1,107 1,65 1,45 1,76 0,0 1,75 1,50 1,52 0,0 1,66 0,0 0,0 0,0 0,0 1,76 1,105 1,74 1,25 1,49 1,105 1,67 0,0 1,107 1,39 1,100 1,11 1,100 1,32 1,17 1,13 1,43 1,35 1,65 0,0 1,43 1,108 1,13 1,102 0,0 1,62 1,95 1,93 1,78 1,55 1,51 1,51 1,50 1,105 1,14 0,0 1,42 0,0 1,54 1,20 0,0 1,50 1,95 1,75 1,101 1,47 1,24 0,0 1,44 0,0 1,86 1,35 1,30 0,0 1,102 1,44 1,79 1,45 1,36 1,86 0,0 1,19 1,55 0,0 0,0 1,20 0,0 
1,26 1,24 1,44 0,0 1,98 0,0 0,0 1,23 1,52 1,83 1,18 0,0 1,68 1,29 1,45 0,0 1,34 1,87 0,0 1,97 1,42 1,51 0,0 0,0 1,78 1,70 0,0 1,73 1,53 1,74 1,97 1,16 1,67 0,0 1,40 0,0 1,95 1,62 1,108 1,38 1,23 0,0 0,0 1,95 1,100 1,84 1,35 0,0 1,95 1,97 0,0 1,76 1,92 0,0 1,78 1,80 1,68 1,108 1,30 1,104 1,99 1,105 1,38 1,11 0,0 1,31 0,0 0,0 1,50 1,66 1,69 1,102 1,48 1,92 1,75 0,0 1,90 0,0 1,99 1,42 1,65 1,44 1,67 1,103 1,30 0,0 1,49 1,107 1,87 1,39 0,0 0,0 1,105 1,45 0,0 1,11 1,45 1,99 0,0 1,76 
1,36 1,78 0,0 0,0 1,10 0,0 1,105 1,60 1,79 1,31 1,12 1,42 1,29 1,64 1,86 1,107 0,0 1,95 1,27 1,50 0,0 1,26 1,88 1,43 1,17 1,65 1,59 1,67 0,0 1,18 1,12 1,56 1,18 1,64 0,0 1,29 1,35 1,63 1,67 0,0 0,0 1,92 0,0 1,90 1,28 1,90 1,16 1,44 1,96 0,0 1,11 1,90 0,0 1,76 0,0 1,86 1,38 1,62 0,0 0,0 1,11 1,18 1,77 1,91 1,96 1,62 1,37 1,63 1,81 0,0 1,39 1,106 1,81 1,53 1,47 1,33 1,78 1,103 1,98 1,73 1,78 0,0 1,105 0,0 1,44 1,97 1,47 1,32 1,76 0,0 1,21 0,0 1,20 1,86 1,92 0,0 1,26 1,34 1,78 0,0 
1,13 1,51 0,0 0,0 1,26 1,83 0,0 1,19 1,39 0,0 1,67 1,71 1,17 0,0 1,18 1,71 1,10 1,37 1,42 1,88 1,29 1,54 1,54 0,0 1,81 0,0 1,83 0,0 1,81 1,49 1,64 0,0 0,0 0,0 1,59 1,21 1,75 1,50 1,82 0,0 1,91 1,78 1,30 1,89 1,90 0,0 0,0 1,88 1,86 1,13 0,0 1,13 0,0 1,26 1,15 1,39 1,22 1,30 1,88 1,29 1,75 1,103 1,16 1,16 1,41 0,0 1,77 1,42 0,0 1,93 1,60 1,100 0,0 1,18 1,89 1,89 1,82 1,30 1,47 1,17 1,95 1,28 1,21 1,84 1,40 1,99 1,98 0,0 1,36 1,30 0,0 1,30 1,42 1,56 0,0 1,73 1,24 1,76 0,0 0,0 
1,73 1,43 1,29 1,33 1,72 1,104 0,0 1,107 1,100 1,52 1,86 1,104 0,0 1,68 1,57 1,75 1,42 1,51 1,69 1,42 1,34 1,51 0,0 1,11 0,0 0,0 1,66 1,109 1,82 0,0 1,42 1,101 1,31 0,0 1,57 0,0 0,0 0,0 0,0 1,101 1,103 1,43 1,90 0,0 0,0 1,36 1,89 0,0 0,0 1,37 1,67 1,59 0,0 0,0 1,97 1,63 1,15 0,0 1,63 1,71 1,109 1,62 1,70 1,27 1,65 0,0 1,29 1,29 1,103 1,17 0,0 1,88 1,49 1,38 0,0 1,84 1,74 1,17 0,0 1,109 1,90 1,66 1,74 1,39 1,84 1,92 0,0 1,98 1,61 1,99 1,103 1,104 1,31 1,46 1,109 1,56 0,0 1,95 1,34 0,0 
1,87 1,34 0,0 1,90 1,35 0,0 1,39 1,62 1,69 1,94 0,0 1,71 1,10 1,104 1,109 0,0 1,98 1,48 1,46 0,0 1,31 1,18 1,109 1,103 1,15 1,39 1,94 1,57 0,0 0,0 1,95 1,32 1,55 0,0 1,51 0,0 1,15 0,0 1,72 0,0 1,107 0,0 1,14 1,23 0,0 1,24 1,13 0,0 1,99 1,92 1,106 0,0 1,22 1,105 0,0 0,0 0,0 1,38 0,0 1,39 1,94 0,0 1,33 1,58 1,86 1,12 1,98 1,104 0,0 0,0 1,76 1,100 0,0 1,47 1,12 1,85 1,38 1,31 1,82 1,96 0,0 1,109 1,93 1,102 0,0 1,79 0,0 1,109 1,95 1,13 1,25 1,51 0,0 1,35 1,74 0,0 0,0 1,63 1,76 0,0 
0,0 0,0 1,39 1,91 1,94 1,21 1,45 1,72 1,95 1,101 1,99 1,102 1,98 0,0 1,94 0,0 1,92 1,86 1,109 1,92 0,0 1,62 0,0 1,78 1,43 1,58 0,0 1,80 1,91 1,89 0,0 0,0 1,102 1,39 1,95 1,35 1,43 1,90 0,0 1,44 1,40 1,58 1,27 1,76 1,44 1,104 0,0 1,60 0,0 1,39 1,52 1,79 0,0 1,40 1,55 0,0 1,13 0,0 0,0 1,101 0,0 1,76 0,0 0,0 1,23 1,100 1,58 1,32 1,85 0,0 1,69 1,61 1,77 1,70 1,58 0,0 1,92 0,0 0,0 0,0 1,76 0,0 1,19 1,34 0,0 1,95 0,0 1,51 0,0 0,0 0,0 1,65 0,0 1,32 1,36 1,65 1,64 0,0 1,98 1,29 
1,58 1,100 1,32 1,10 1,31 1,71 1,46 0,0 0,0 1,67 1,66 1,109 0,0 0,0 1,50 0,0 0,0 0,0 1,45 1,24 1,56 1,22 1,43 0,0 1,80 0,0 1,105 1,72 0,0 1,38 1,15 0,0 1,49 1,68 0,0 0,0 1,16 0,0 1,106 1,20 1,94 1,106 1,101 1,33 0,0 0,0 1,12 1,13 0,0 1,84 1,29 0,0 1,30 1,28 1,13 0,0 1,84 1,36 1,77 1,98 1,68 0,0 1,108 1,53 0,0 1,60 1,85 1,59 1,40 1,18 1,60 1,16 1,58 1,17 0,0 1,96 0,0 1,52 1,102 1,14 1,94 1,75 1,60 1,25 1,84 1,94 1,91 0,0 1,94 1,70 0,0 1,101 1,88 0,0 1,104 1,70 1,63 1,23 1,78 1,56 
0,0 1,32 0,0 1,102 0,0 1,18 1,44 1,25 0,0 1,70 1,63 1,101 1,99 1,41 1,58 1,101 1,77 0,0 1,13 1,58 1,26 1,13 1,15 1,32 1,16 1,63 1,64 1,67 1,53 1,14 1,102 1,68 0,0 1,50 1,71 1,67 0,0 1,50 1,63 1,100 0,0 0,0 0,0 1,99 1,108 0,0 1,63 1,94 0,0 1,73 0,0 0,0 1,36 1,28 1,46 1,109 1,48 1,52 1,11 1,15 0,0 1,18 1,49 1,53 0,0 0,0 1,13 1,13 1,98 1,41 0,0 1,33 0,0 0,0 1,67 1,58 1,59 0,0 1,86 1,43 1,79 1,79 1,89 0,0 1,52 1,14 1,37 1,69 1,17 1,20 1,65 1,97 0,0 0,0 1,60 1,79 0,0 1,13 0,0 1,66 
0,0 1,58 0,0 1,32 1,47 1,41 0,0 1,88 1,91 1,22 1,41 1,88 1,50 0,0 1,86 1,38 0,0 1,67 1,80 1,17 1,47 0,0 1,107 1,93 1,68 1,109 0,0 1,38 1,30 1,107 0,0 1,103 1,85 1,10 0,0 1,74 0,0 1,19 1,60 1,93 1,35 0,0 1,53 1,18 0,0 1,99 0,0 1,20 1,77 1,51 1,94 0,0 0,0 1,71 1,18 0,0 1,40 0,0 1,92 1,52 1,91 1,32 1,83 1,81 1,106 1,39 0,0 1,86 1,65 0,0 0,0 0,0 1,57 1,71 1,42 1,14 1,75 0,0 0,0 0,0 1,15 1,93 1,37 1,28 1,11 0,0 1,24 1,32 0,0 1,51 1,64 1,85 1,79 1,74 1,65 0,0 1,85 1,46 0,0 0,0 
1,88 0,0 1,103 0,0 0,0 0,0 1,109 1,91 1,86 1,101 1,106 1,77 1,85 1,12 1,28 1,68 1,40 0,0 1,55 1,24 0,0 0,0 1,16 0,0 1,23 1,93 1,21 1,95 0,0 0,0 0,0 1,79 1,21 0,0 1,19 0,0 0,0 1,31 1,60 1,83 0,0 1,17 1,35 1,50 1,91 0,0 1,71 1,51 1,49 1,64 0,0 0,0 1,36 1,27 1,109 1,50 1,40 1,84 0,0 1,45 0,0 1,41 0,0 0,0 1,54 0,0 1,40 0,0 0,0 1,10 1,34 0,0 1,68 1,41 1,51 0,0 0,0 1,107 0,0 1,39 0,0 1,31 1,71 0,0 1,56 0,0 1,37 1,22 1,29 0,0 1,75 1,19 1,30 1,60 1,80 0,0 1,92 1,17 1,106 1,13 
1,81 1,109 1,59 1,19 1,24 1,37 0,0 1,70 1,31 0,0 0,0 1,87 1,29 1,16 1,41 1,51 1,22 0,0 1,27 1,106 1,81 0,0 0,0 1,41 0,0 0,0 1,12 1,48 0,0 1,82 1,109 1,79 0,0 1,41 0,0 1,86 1,69 1,23 1,62 0,0 1,80 1,98 1,47 1,100 1,87 1,45 0,0 1,52 1,17 1,57 1,92 1,109 1,76 1,40 1,52 1,76 1,109 1,36 1,63 1,69 0,0 0,0 0,0 0,0 1,59 1,76 1,19 0,0 1,75 1,26 1,82 0,0 1,41 1,19 1,54 0,0 1,35 1,74 0,0 1,97 1,86 1,20 1,26 1,90 0,0 1,77 0,0 1,95 1,60 1,47 1,105 1,59 1,66 1,30 0,0 1,27 1,109 0,0 1,102 1,61 
0,0 0,0 0,0 1,60 1,31 1,94 0,0 1,27 1,62 1,88 0,0 1,99 1,108 1,89 0,0 0,0 1,59 1,99 0,0 1,43 1,47 1,11 1,71 1,40 1,69 1,45 0,0 1,82 1,89 1,13 1,67 0,0 0,0 1,30 1,89 1,11 1,94 0,0 1,28 1,59 1,12 0,0 1,73 1,81 1,87 1,95 0,0 1,19 1,89 1,55 1,81 1,12 1,78 1,84 1,92 1,18 1,15 1,76 1,72 0,0 0,0 1,36 1,87 1,56 1,55 1,63 1,20 1,89 1,101 1,92 0,0 0,0 1,100 0,0 0,0 1,11 1,52 1,11 1,93 0,0 1,25 1,60 1,26 1,46 1,10 0,0 0,0 1,62 1,84 1,92 1,15 1,56 1,58 1,108 1,43 0,0 1,109 0,0 1,20 1,50 
1,80 1,95 1,28 1,91 0,0 1,108 1,67 1,31 1,46 1,21 1,50 1,29 1,55 0,0 1,58 1,95 0,0 1,74 0,0 0,0 0,0 1,37 0,0 1,46 1,30 0,0 0,0 0,0 1,90 1,96 0,0 1,20 1,21 1,32 0,0 1,87 1,70 1,39 0,0 0,0 1,57 1,77 1,99 1,11 0,0 1,26 1,47 0,0 1,88 0,0 1,26 0,0 1,103 1,70 1,105 1,28 1,73 1,28 1,100 1,74 1,59 1,85 0,0 1,107 0,0 1,57 1,97 1,63 1,12 0,0 1,109 1,69 1,36 1,96 1,98 1,28 1,44 1,51 1,29 1,51 1,100 1,21 1,82 0,0 0,0 1,68 1,42 1,102 1,60 1,12 1,91 0,0 1,29 0,0 1,106 1,50 1,70 1,92 1,38 0,0 
1,76 1,50 1,108 1,56 1,25 0,0 1,25 0,0 1,66 1,38 1,12 1,94 1,81 1,88 1,74 1,47 0,0 1,83 1,49 1,63 1,66 0,0 0,0 1,74 0,0 0,0 1,53 1,62 1,87 1,17 1,102 0,0 1,35 1,106 1,93 1,75 0,0 1,100 1,30 1,82 1,99 1,97 1,21 1,14 1,27 0,0 1,71 1,39 0,0 1,51 0,0 1,71 1,38 1,98 0,0 1,42 1,20 1,44 1,38 1,78 1,69 0,0 1,32 0,0 1,57 1,68 1,17 0,0 0,0 1,49 1,77 1,21 0,0 1,72 0,0 1,47 1,30 1,23 0,0 1,107 0,0 1,95 1,76 0,0 1,87 1,98 1,100 1,77 0,0 1,49 0,0 0,0 1,56 1,45 1,28 0,0 1,47 1,95 1,81 1,102 
1,29 1,74 1,32 1,90 1,24 1,65 1,55 1,44 0,0 1,41 1,83 1,63 1,72 1,58 0,0 1,57 1,58 1,105 0,0 1,14 0,0 0,0 1,37 1,32 1,22 1,38 1,12 1,23 1,31 0,0 0,0 1,92 0,0 1,59 1,43 1,37 1,44 1,102 1,101 0,0 1,64 0,0 1,26 1,96 0,0 1,24 1,49 1,69 1,63 1,30 1,92 0,0 0,0 1,86 1,106 1,83 1,91 1,24 1,93 0,0 0,0 1,33 1,48 1,46 0,0 1,11 1,20 0,0 0,0 1,106 1,28 1,46 0,0 1,27 0,0 1,13 1,25 0,0 1,106 0,0 1,26 0,0 0,0 1,35 1,100 1,58 0,0 0,0 1,14 1,87 0,0 1,18 1,11 0,0 1,72 0,0 1,28 0,0 1,58 1,30 
1,10 0,0 1,20 0,0 1,48 0,0 0,0 1,14 0,0 1,44 0,0 1,92 0,0 1,102 1,58 1,10 1,54 1,81 1,62 1,87 0,0 1,85 1,60 1,89 1,11 0,0 0,0 0,0 1,87 1,70 0,0 1,57 1,12 1,44 1,27 1,35 0,0 0,0 1,73 1,73 0,0 0,0 1,105 1,58 1,28 1,47 1,104 1,47 1,65 1,54 1,35 0,0 1,97 0,0 1,57 1,53 0,0 0,0 1,18 1,16 1,61 1,67 1,41 0,0 1,101 1,73 1,63 1,30 0,0 1,11 1,37 0,0 1,54 1,58 0,0 0,0 1,79 0,0 1,82 1,59 1,16 0,0 1,57 1,42 1,79 0,0 1,72 1,84 1,91 0,0 0,0 0,0 1,39 1,47 1,59 1,79 1,42 1,106 1,42 1,76 
0,0 0,0 1,101 1,62 1,21 1,93 0,0 1,17 1,12 1,33 1,89 1,31 1,67 1,34 1,100 1,27 1,36 1,31 1,92 1,75 1,49 0,0 1,30 1,58 1,94 1,73 1,39 1,17 1,36 1,105 1,103 1,71 1,76 1,16 1,99 0,0 0,0 1,21 1,27 1,101 1,31 1,31 1,82 0,0 1,65 0,0 0,0 1,81 0,0 1,107 1,87 1,10 1,86 1,90 1,108 0,0 1,31 0,0 0,0 1,29 1,33 0,0 0,0 1,23 1,64 1,107 0,0 0,0 1,95 1,59 1,32 0,0 0,0 1,75 1,98 0,0 1,16 1,50 0,0 0,0 1,55 0,0 0,0 1,18 1,104 0,0 1,63 1,89 1,76 0,0 0,0 1,94 1,103 1,79 1,45 0,0 0,0 1,27 1,84 1,49 
1,71 0,0 1,14 1,75 0,0 0,0 1,34 1,104 1,37 1,46 1,40 1,79 1,88 1,48 1,98 1,63 1,13 1,70 1,60 1,15 0,0 0,0 0,0 1,67 1,33 1,75 1,90 0,0 1,46 1,12 1,72 1,96 1,74 1,24 1,37 0,0 1,84 1,26 1,94 1,51 0,0 0,0 0,0 1,93 1,64 1,92 0,0 1,36 1,80 1,91 0,0 1,75 0,0 0,0 1,33 1,49 1,63 1,103 0,0 1,84 0,0 0,0 1,36 0,0 1,12 1,55 1,100 1,30 0,0 1,62 0,0 1,31 1,38 1,104 0,0 0,0 0,0 1,80 1,34 1,40 1,11 1,62 1,95 0,0 1,40 1,40 1,86 1,81 1,93 1,14 1,76 0,0 1,87 1,108 1,22 1,75 1,64 1,69 0,0 1,46 
0,0 1,76 1,27 1,31 1,44 1,66 1,99 1,94 0,0 0,0 1,54 1,63 0,0 1,102 1,29 1,41 0,0 1,29 1,91 1,61 1,46 1,53 1,102 1,31 0,0 1,59 1,38 0,0 0,0 1,61 1,90 1,33 1,19 1,13 0,0 1,45 1,45 1,14 0,0 0,0 0,0 0,0 1,38 0,0 1,27 0,0 1,89 1,20 1,85 1,91 1,101 1,96 1,74 0,0 1,75 1,11 1,31 1,47 1,80 1,47 1,99 0,0 1,30 1,109 0,0 0,0 0,0 0,0 1,100 0,0 1,41 0,0 1,84 1,53 0,0 1,39 0,0 0,0 0,0 1,54 1,54 0,0 0,0 0,0 0,0 0,0 0,0 1,50 1,24 0,0 1,63 1,24 0,0 1,45 0,0 0,0 0,0 1,36 1,36 1,28 
1,62 0,0 1,42 1,96 1,69 1,33 1,52 0,0 0,0 1,67 0,0 1,86 0,0 1,48 1,59 1,85 1,15 1,91 0,0 0,0 1,35 0,0 1,14 1,72 1,59 1,14 1,91 1,87 1,75 0,0 1,97 1,105 0,0 1,13 1,89 1,77 0,0 1,69 1,101 1,99 0,0 1,45 0,0 0,0 0,0 1,95 1,30 1,52 0,0 1,42 1,77 0,0 1,100 1,96 1,71 0,0 0,0 1,78 1,89 1,90 0,0 1,65 1,72 1,21 1,83 1,70 0,0 1,79 1,68 1,55 1,68 1,21 0,0 1,19 1,70 1,32 1,39 1,97 1,59 1,46 1,14 1,102 0,0 1,59 1,21 1,17 1,93 1,89 1,53 1,18 0,0 1,38 0,0 1,28 0,0 0,0 1,26 0,0 1,90 0,0 
1,103 1,86 0,0 1,88 1,102 1,17 1,33 1,98 1,80 0,0 0,0 0,0 1,107 1,61 1,77 1,49 0,0 1,27 1,89 1,16 0,0 0,0 1,78 1,87 0,0 1,97 1,104 0,0 1,33 1,54 0,0 1,45 1,45 0,0 1,16 0,0 1,101 0,0 0,0 1,27 1,14 1,54 1,68 1,78 1,60 1,64 0,0 1,40 0,0 0,0 0,0 0,0 1,16 1,98 0,0 0,0 1,66 1,94 0,0 1,58 1,106 1,95 0,0 0,0 0,0 1,39 1,94 1,29 1,86 1,38 1,104 1,54 1,51 1,54 1,37 1,28 1,17 1,50 0,0 1,93 1,37 1,10 0,0 1,91 1,58 0,0 0,0 1,97 1,20 1,20 1,25 0,0 1,47 1,55 1,42 1,53 0,0 1,94 0,0 1,50 
0,0 0,0 1,26 1,43 1,33 0,0 1,84 1,43 0,0 0,0 1,67 1,65 1,40 1,32 1,76 1,48 1,42 1,21 1,76 1,56 1,42 1,90 0,0 1,38 0,0 1,67 1,63 1,48 1,32 1,30 0,0 0,0 1,102 1,48 1,60 1,11 1,96 1,33 0,0 0,0 0,0 1,29 1,58 1,73 1,31 0,0 1,59 1,18 0,0 1,99 1,88 1,99 0,0 1,73 0,0 1,64 1,10 0,0 0,0 1,32 1,17 1,96 0,0 1,17 0,0 1,38 0,0 0,0 1,45 0,0 1,39 0,0 1,56 1,106 0,0 0,0 0,0 0,0 1,87 1,41 1,104 1,13 1,95 1,73 1,58 1,88 0,0 1,83 1,16 1,108 0,0 1,48 1,83 1,99 1,44 0,0 0,0 1,42 0,0 0,0 
1,91 1,85 1,37 0,0 1,44 1,91 1,38 0,0 1,81 0,0 1,67 1,19 1,38 1,104 0,0 1,13 1,83 1,86 0,0 0,0 1,19 1,44 0,0 1,41 1,31 1,109 0,0 1,71 1,59 1,100 1,31 0,0 1,66 1,107 1,18 0,0 0,0 0,0 1,87 0,0 1,47 1,81 1,102 1,42 1,103 0,0 1,26 1,55 1,30 1,86 1,57 1,28 1,62 1,61 1,33 1,96 0,0 0,0 1,105 0,0 0,0 0,0 1,11 1,74 0,0 0,0 1,30 1,47 1,105 1,67 1,41 1,12 1,99 1,49 0,0 1,39 1,41 1,98 0,0 1,19 0,0 1,79 1,59 1,102 1,107 1,73 0,0 1,94 1,22 1,80 0,0 1,105 1,53 0,0 1,47 1,31 1,71 0,0 1,102 0,0 
1,32 1,67 1,23 1,38 1,47 0,0 1,92 0,0 0,0 1,82 1,68 1,99 0,0 1,90 0,0 1,89 0,0 0,0 1,82 0,0 1,80 0,0 0,0 1,105 1,51 1,11 0,0 1,76 1,39 1,40 0,0 0,0 1,11 0,0 1,59 1,12 1,46 0,0 1,60 1,10 1,39 0,0 1,71 0,0 0,0 1,88 1,45 1,94 0,0 1,14 1,80 0,0 1,11 1,17 1,33 1,62 0,0 0,0 0,0 0,0 1,50 0,0 1,43 1,57 1,85 1,107 1,72 1,47 1,30 0,0 1,46 1,29 1,57 0,0 1,70 0,0 1,46 1,70 1,54 0,0 0,0 0,0 0,0 1,74 1,14 1,89 1,25 1,80 1,53 1,81 0,0 1,81 1,95 1,61 1,71 0,0 1,20 0,0 1,40 1,103 
1,53 1,76 1,35 1,109 1,40 0,0 1,94 1,51 1,95 1,10 1,12 1,86 1,20 1,95 0,0 0,0 1,109 1,98 1,104 1,19 1,47 1,105 0,0 1,78 1,91 1,38 1,75 1,54 1,71 1,37 0,0 0,0 1,29 1,79 1,10 1,69 1,80 1,46 1,108 0,0 1,20 1,19 1,82 1,20 1,73 1,29 0,0 0,0 0,0 1,103 1,105 1,51 1,43 0,0 0,0 0,0 1,103 1,11 0,0 0,0 1,67 0,0 1,107 1,50 1,28 0,0 1,20 1,108 0,0 1,107 1,36 1,30 0,0 1,103 1,68 1,88 1,39 1,100 1,21 1,102 1,16 1,104 1,64 1,76 1,35 1,51 1,60 1,24 1,101 1,83 1,103 1,39 0,0 1,94 0,0 1,21 0,0 1,28 0,0 1,29 
1,15 0,0 0,0 1,57 1,46 1,82 1,74 1,101 0,0 1,12 0,0 0,0 1,76 0,0 0,0 1,22 1,56 1,90 1,16 1,21 1,63 1,81 0,0 0,0 1,72 1,30 1,89 1,99 0,0 0,0 1,89 1,22 1,108 1,40 1,38 1,24 1,30 1,73 1,55 0,0 1,77 1,35 1,39 1,80 1,96 1,67 1,52 1,102 1,72 1,106 0,0 1,68 1,99 0,0 0,0 1,108 1,70 1,95 0,0 1,49 1,96 0,0 1,26 1,83 0,0 0,0 0,0 1,26 1,35 1,69 1,78 1,58 1,25 1,59 0,0 1,101 1,26 1,59 1,74 1,30 1,38 1,74 1,97 1,98 1,99 1,100 1,25 1,45 1,72 0,0 0,0 1,97 1,93 1,95 1,85 1,12 0,0 1,68 1,52 1,54 
1,101 0,0 1,34 1,18 1,69 0,0 1,68 1,45 0,0 1,28 0,0 0,0 1,99 1,30 0,0 1,51 1,66 1,18 1,26 0,0 1,104 1,76 1,83 1,21 1,12 1,63 1,26 0,0 1,90 1,11 1,44 1,42 1,93 1,65 1,109 1,30 1,101 1,86 1,20 1,24 1,16 1,94 1,88 0,0 0,0 1,106 1,104 1,41 0,0 1,34 1,80 0,0 1,40 1,18 1,92 1,59 1,23 1,91 1,41 1,11 1,67 1,62 1,17 1,94 1,24 1,79 0,0 1,105 0,0 1,87 1,107 1,17 1,59 0,0 1,14 1,91 0,0 1,96 1,42 1,105 1,92 0,0 1,45 1,44 0,0 1,76 1,91 1,90 1,63 0,0 0,0 1,73 1,59 1,73 0,0 1,96 1,16 1,17 1,30 0,0 
1,10 1,33 1,73 1,37 0,0 1,74 1,14 0,0 1,19 1,23 0,0 1,105 1,104 1,82 0,0 1,29 0,0 1,17 1,10 1,51 0,0 1,26 1,45 0,0 1,27 1,103 1,31 0,0 1,108 1,105 0,0 1,33 1,35 1,38 1,47 1,34 1,26 1,27 1,62 1,51 1,57 0,0 1,31 0,0 1,21 0,0 1,88 0,0 0,0 0,0 1,93 1,38 1,75 1,11 0,0 1,58 1,109 1,23 0,0 0,0 1,88 1,10 1,74 1,79 1,96 0,0 0,0 0,0 1,93 1,93 0,0 1,61 0,0 0,0 1,18 1,57 1,103 1,64 0,0 1,27 1,89 1,21 1,34 1,46 0,0 1,55 1,56 0,0 1,93 1,37 0,0 0,0 0,0 1,57 0,0 1,18 1,15 0,0 1,61 1,62 
1,46 1,100 0,0 1,36 0,0 1,100 0,0 0,0 0,0 1,74 1,25 1,22 1,53 0,0 0,0 0,0 0,0 1,49 1,41 1,72 1,32 0,0 1,22 1,109 1,98 1,98 1,48 0,0 1,106 1,31 1,17 1,96 1,14 1,57 1,90 1,81 1,45 0,0 1,39 1,10 1,21 1,31 0,0 0,0 1,97 1,30 1,105 1,16 1,84 1,78 0,0 1,37 1,17 1,103 1,46 0,0 1,102 0,0 0,0 1,65 0,0 1,97 1,91 1,29 1,27 1,76 1,94 1,91 1,93 1,65 1,45 0,0 1,60 1,44 1,13 1,56 0,0 0,0 1,65 0,0 1,84 0,0 0,0 1,41 0,0 0,0 1,22 1,13 1,21 1,76 1,50 1,30 1,48 0,0 1,37 1,65 0,0 1,38 1,48 0,0 
1,93 1,31 0,0 1,85 1,106 0,0 1,21 0,0 1,58 1,12 1,39 1,64 0,0 0,0 0,0 1,58 1,10 1,41 1,57 1,77 0,0 0,0 1,59 1,57 1,74 0,0 1,64 0,0 1,10 1,92 1,72 1,92 0,0 0,0 1,95 1,45 0,0 0,0 0,0 0,0 1,82 1,43 1,74 1,83 1,10 1,104 0,0 1,78 0,0 1,38 1,106 1,95 1,44 1,59 1,38 1,58 1,96 1,27 0,0 1,82 1,74 0,0 1,31 1,26 1,88 0,0 1,86 1,18 1,33 0,0 1,89 1,42 0,0 1,69 0,0 1,57 0,0 1,58 1,59 0,0 1,42 1,35 1,69 0,0 1,84 0,0 0,0 1,60 1,39 1,24 1,23 1,43 1,94 1,27 1,20 0,0 1,17 1,40 1,102 0,0 
1,26 1,14 1,104 0,0 0,0 1,31 0,0 1,86 1,20 1,70 1,52 0,0 1,72 0,0 1,72 0,0 0,0 1,14 1,75 1,13 1,85 1,67 0,0 1,36 1,102 1,101 1,76 0,0 0,0 0,0 0,0 1,15 1,101 1,47 1,70 1,42 0,0 1,38 0,0 1,50 1,20 0,0 1,43 1,64 0,0 1,78 0,0 1,61 1,13 1,36 0,0 0,0 1,29 1,58 1,24 1,78 0,0 0,0 0,0 1,25 1,52 1,77 0,0 1,39 1,94 1,59 1,59 0,0 1,70 1,29 1,26 1,76 1,52 1,107 0,0 0,0 1,37 1,92 1,67 1,66 1,13 1,85 0,0 1,35 1,63 0,0 1,98 1,85 1,97 0,0 1,22 1,30 0,0 1,20 1,85 1,18 1,74 1,83 0,0 1,39 
1,42 1,37 0,0 1,96 1,48 0,0 1,22 0,0 1,31 0,0 0,0 0,0 1,92 1,20 0,0 0,0 1,84 0,0 1,109 1,105 1,44 0,0 1,84 0,0 1,42 1,63 1,19 1,100 1,92 0,0 1,57 1,24 1,101 0,0 1,76 0,0 0,0 1,68 1,72 1,98 1,54 1,108 0,0 1,36 0,0 1,16 1,89 0,0 1,86 0,0 1,40 1,76 0,0 1,75 0,0 0,0 0,0 0,0 0,0 0,0 1,34 1,105 1,74 0,0 1,103 1,91 1,82 1,46 1,93 1,74 0,0 0,0 1,58 1,108 1,105 1,102 0,0 1,12 0,0 0,0 0,0 1,58 1,55 1,72 1,85 1,64 1,58 0,0 0,0 1,74 1,54 1,45 1,18 1,97 0,0 1,109 1,62 1,55 1,56 0,0 
1,33 0,0 0,0 0,0 1,19 0,0 1,41 1,34 1,101 0,0 0,0 1,68 1,34 1,89 1,82 1,74 1,40 1,69 0,0 0,0 1,49 0,0 1,94 1,108 1,107 1,84 1,59 0,0 1,40 1,107 1,106 1,39 0,0 1,43 1,92 1,53 0,0 1,66 1,52 0,0 1,90 0,0 1,43 1,82 0,0 1,102 1,26 0,0 0,0 1,86 1,55 1,14 0,0 1,45 0,0 1,29 1,33 1,66 1,42 1,79 1,93 1,91 1,19 1,32 0,0 0,0 1,11 0,0 0,0 1,109 0,0 1,17 1,32 1,65 1,88 1,29 1,31 1,71 1,89 1,29 1,33 1,105 0,0 1,88 1,50 1,57 1,11 0,0 0,0 0,0 1,63 1,35 1,78 1,38 1,98 1,66 1,87 0,0 1,80 1,86 
1,16 0,0 1,25 0,0 1,104 1,85 1,66 0,0 1,55 1,43 1,102 1,24 0,0 1,17 1,72 0,0 1,21 0,0 1,107 0,0 0,0 0,0 0,0 1,104 0,0 0,0 1,92 1,25 1,65 1,47 0,0 1,73 1,31 1,68 1,75 1,77 1,91 0,0 1,37 1,92 0,0 0,0 0,0 1,49 1,106 0,0 0,0 0,0 0,0 0,0 1,75 1,107 1,89 1,54 1,13 1,25 1,48 1,100 1,95 1,72 1,24 0,0 1,75 1,30 1,14 1,12 1,27 0,0 0,0 1,97 1,82 1,96 1,107 1,85 1,85 0,0 0,0 1,91 1,91 0,0 1,85 1,11 1,108 1,29 1,64 1,84 1,85 1,74 1,103 1,29 1,46 1,90 0,0 1,44 1,53 1,108 1,84 1,62 1,45 1,35 
1,98 1,34 1,56 1,88 0,0 1,75 0,0 1,17 0,0 0,0 1,96 1,51 0,0 1,98 1,44 0,0 1,12 0,0 1,62 1,92 0,0 1,91 1,49 0,0 1,71 0,0 1,80 0,0 0,0 0,0 1,15 1,18 1,22 1,77 0,0 1,79 1,85 0,0 0,0 1,44 0,0 1,80 1,18 0,0 0,0 1,109 1,55 0,0 0,0 1,17 1,39 0,0 1,13 0,0 1,17 0,0 1,27 1,19 0,0 1,65 0,0 1,50 1,97 1,75 1,97 0,0 1,88 0,0 1,62 1,72 1,12 1,77 1,42 1,75 0,0 1,26 1,83 1,12 1,109 1,74 1,43 0,0 1,105 1,99 1,75 1,42 1,24 1,94 1,109 1,26 0,0 1,21 1,94 1,109 1,16 0,0 1,82 0,0 1,21 1,75 
1,109 1,91 0,0 1,93 1,19 1,85 1,17 1,103 1,59 1,27 1,63 0,0 1,83 1,24 1,39 1,41 0,0 1,18 1,79 1,63 0,0 1,19 1,102 1,60 0,0 1,62 0,0 1,81 1,72 0,0 1,12 1,89 1,38 1,59 0,0 1,11 1,66 0,0 1,37 0,0 0,0 1,21 1,36 0,0 1,19 1,25 0,0 1,25 1,104 0,0 1,21 1,76 1,67 1,81 0,0 1,40 1,83 1,38 0,0 1,17 1,10 1,10 0,0 0,0 1,91 1,42 1,15 0,0 1,44 1,103 1,27 1,108 1,97 1,18 1,99 0,0 1,52 1,51 1,60 1,71 1,72 1,20 0,0 0,0 1,92 1,31 1,25 1,66 1,95 0,0 0,0 0,0 1,25 0,0 1,91 1,45 1,80 1,89 1,42 1,68 
1,24 1,11 1,94 1,39 1,16 1,27 1,45 1,50 1,87 1,20 1,73 1,37 1,73 0,0 0,0 1,79 0,0 1,25 1,103 1,99 0,0 1,106 1,94 1,74 1,38 0,0 0,0 1,47 0,0 1,97 1,87 0,0 1,86 0,0 1,82 1,25 1,66 0,0 1,81 0,0 1,81 1,50 0,0 1,10 1,65 1,97 1,88 1,51 1,86 0,0 0,0 1,89 0,0 1,51 1,83 0,0 0,0 1,105 1,104 1,77 0,0 1,71 1,65 1,35 0,0 1,46 1,91 1,90 1,58 1,12 0,0 1,19 1,98 1,27 1,70 1,10 0,0 1,67 0,0 1,63 1,48 1,34 1,62 0,0 0,0 1,100 1,91 1,65 1,57 1,31 1,66 1,76 1,90 1,45 0,0 1,85 0,0 1,57 1,89 0,0 
0,0 1,24 1,45 0,0 1,103 1,45 1,59 1,89 1,56 1,53 1,96 0,0 1,68 0,0 0,0 1,61 1,22 1,79 1,58 1,107 0,0 0,0 0,0 1,76 0,0 1,26 1,95 1,39 1,71 1,71 1,43 1,66 1,94 0,0 1,65 0,0 1,81 1,74 1,97 1,83 0,0 1,20 1,86 0,0 1,31 0,0 1,94 1,75 1,30 1,70 0,0 1,53 0,0 0,0 1,82 1,47 0,0 0,0 0,0 1,105 1,16 1,61 1,89 0,0 1,64 0,0 0,0 0,0 0,0 1,101 1,65 0,0 0,0 1,45 1,80 1,65 0,0 1,40 1,38 1,77 0,0 1,84 0,0 1,28 0,0 1,50 1,100 0,0 1,91 1,109 1,85 0,0 1,53 1,80 1,75 1,72 1,23 1,81 1,47 1,101 
1,44 1,43 0,0 1,56 1,13 0,0 1,29 1,45 1,108 1,26 1,98 1,26 1,69 1,31 1,26 1,11 1,63 0,0 1,20 1,67 1,74 1,88 1,85 1,34 1,41 1,94 0,0 1,81 0,0 1,16 1,74 1,39 1,26 0,0 1,19 1,81 1,54 1,54 1,27 0,0 1,96 1,95 1,49 1,77 1,27 0,0 1,27 1,85 0,0 1,99 1,59 1,64 1,29 1,56 1,29 0,0 1,74 1,104 0,0 1,34 1,28 1,99 0,0 1,30 0,0 1,52 0,0 1,44 1,107 0,0 1,83 1,82 0,0 1,11 1,70 1,36 1,67 0,0 1,87 1,67 1,41 0,0 1,80 1,100 1,25 1,55 1,102 0,0 1,65 1,79 1,18 1,65 1,61 0,0 1,38 0,0 1,45 1,62 1,33 1,55 
1,59 1,75 1,32 1,14 1,84 1,82 0,0 1,25 1,21 0,0 0,0 1,75 1,54 1,73 1,12 0,0 0,0 0,0 1,13 1,13 0,0 0,0 1,89 1,105 1,20 1,96 1,51 0,0 1,63 0,0 0,0 0,0 1,100 1,58 1,45 1,30 1,94 1,102 1,64 0,0 0,0 1,93 1,67 0,0 0,0 0,0 1,102 1,28 0,0 1,44 1,10 1,101 0,0 1,92 0,0 0,0 1,66 0,0 1,50 1,48 1,29 1,47 1,63 0,0 1,76 1,87 1,76 1,86 1,75 1,44 1,61 0,0 1,86 1,22 1,16 1,103 1,104 1,12 0,0 1,32 0,0 1,45 1,64 1,16 1,99 1,72 1,72 0,0 0,0 1,87 1,83 1,20 1,66 0,0 1,105 1,57 1,107 1,25 0,0 1,97 
1,103 0,0 1,57 1,56 1,34 1,109 1,21 1,22 1,64 0,0 0,0 1,99 1,69 0,0 0,0 1,64 0,0 1,21 1,51 1,18 0,0 0,0 1,86 1,32 1,42 1,95 1,84 1,59 1,22 1,33 1,51 1,71 1,64 0,0 1,12 0,0 1,31 1,65 0,0 1,40 0,0 1,101 1,103 1,104 1,24 1,108 1,105 1,67 1,97 0,0 0,0 1,60 0,0 1,50 0,0 1,33 1,50 0,0 0,0 1,97 0,0 0,0 1,67 1,43 0,0 0,0 1,80 0,0 1,95 0,0 1,61 0,0 1,76 1,90 0,0 0,0 1,28 1,37 1,68 1,71 1,18 0,0 1,40 0,0 0,0 1,76 0,0 1,79 0,0 0,0 1,39 1,52 1,12 1,16 1,89 1,63 0,0 1,32 1,63 1,102 
1,13 0,0 1,48 1,59 1,25 0,0 0,0 0,0 0,0 0,0 1,98 1,96 0,0 1,73 1,15 1,86 0,0 1,48 0,0 1,83 0,0 0,0 0,0 1,78 1,91 0,0 1,65 0,0 1,42 0,0 0,0 0,0 0,0 1,74 1,75 0,0 1,32 0,0 1,55 1,65 0,0 0,0 0,0 1,12 1,64 0,0 1,80 1,81 1,51 1,11 0,0 1,15 0,0 1,85 0,0 0,0 1,24 1,79 1,92 1,102 1,51 0,0 0,0 0,0 0,0 1,84 1,94 1,94 1,33 1,74 1,38 1,84 1,81 1,63 1,87 1,55 1,62 0,0 0,0 1,109 0,0 1,73 0,0 1,92 1,22 1,23 1,42 1,15 1,85 1,43 1,101 1,71 1,58 0,0 0,0 1,40 0,0 1,98 1,61 1,16 
0,0 0,0 1,65 1,10 0,0 1,86 1,85 0,0 1,32 1,73 0,0 0,0 1,55 1,70 1,91 1,83 1,104 1,12 1,66 1,28 1,100 1,61 0,0 0,0 0,0 0,0 1,86 0,0 1,55 1,60 1,74 1,72 0,0 1,10 0,0 1,93 1,22 1,59 0,0 0,0 1,74 1,55 0,0 1,38 0,0 0,0 1,63 0,0 1,14 1,83 0,0 1,34 0,0 1,62 0,0 1,11 1,94 1,76 1,14 1,22 1,35 1,50 0,0 0,0 0,0 1,49 1,51 1,52 1,69 1,11 1,95 0,0 0,0 0,0 1,37 1,77 0,0 0,0 1,40 0,0 1,33 1,12 1,94 1,65 1,56 1,61 1,33 1,10 1,96 1,60 0,0 0,0 1,74 0,0 1,107 1,66 0,0 0,0 1,67 1,46 
1,57 0,0 1,21 1,68 0,0 0,0 1,72 0,0 0,0 1,88 1,23 1,88 1,49 1,78 0,0 0,0 0,0 1,43 1,27 1,18 1,55 1,42 0,0 0,0 1,101 1,60 0,0 1,90 0,0 1,81 1,23 1,25 0,0 1,64 1,65 0,0 1,44 1,74 1,88 1,58 1,70 1,16 1,98 1,27 0,0 1,85 0,0 1,36 0,0 0,0 1,36 1,15 1,10 1,27 0,0 1,73 0,0 1,28 1,107 1,55 1,24 0,0 1,13 1,15 1,80 1,11 0,0 1,99 1,64 1,12 0,0 1,16 1,57 1,70 1,96 1,47 1,59 1,82 1,35 1,22 1,96 1,34 0,0 1,80 0,0 0,0 1,87 1,45 1,59 1,33 0,0 0,0 1,23 1,20 1,11 1,51 0,0 1,91 1,80 1,42 
0,0 1,93 0,0 0,0 0,0 1,26 1,82 0,0 1,10 1,88 1,12 1,97 1,18 1,100 1,95 1,48 0,0 1,30 1,55 1,100 0,0 0,0 1,59 1,72 0,0 0,0 1,13 0,0 0,0 0,0 1,23 1,32 1,87 1,82 1,85 1,43 1,100 1,45 0,0 1,48 1,38 0,0 1,79 1,20 0,0 1,67 1,54 1,104 1,11 1,54 0,0 1,74 0,0 0,0 1,13 1,68 1,19 1,67 1,37 0,0 0,0 0,0 0,0 1,49 1,59 1,22 1,72 0,0 0,0 0,0 0,0 0,0 1,62 0,0 0,0 0,0 1,89 1,84 1,101 1,104 0,0 1,82 1,42 1,42 1,109 0,0 1,56 1,44 1,68 1,59 1,26 1,37 1,54 0,0 1,19 1,69 0,0 1,84 0,0 1,66 
1,54 0,0 1,38 1,68 1,105 1,23 1,61 1,109 1,47 1,23 1,65 1,89 0,0 1,18 0,0 0,0 1,81 0,0 0,0 1,58 1,51 0,0 1,48 0,0 0,0 1,53 0,0 1,79 0,0 1,69 1,63 0,0 1,64 1,109 1,91 1,84 1,78 0,0 0,0 0,0 1,76 1,38 1,101 1,95 1,102 0,0 1,50 0,0 1,91 0,0 1,37 1,21 1,96 1,101 1,21 1,38 1,60 1,89 0,0 1,75 1,25 0,0 1,19 1,97 0,0 1,85 1,60 1,25 1,81 1,107 0,0 1,56 1,62 1,56 1,28 0,0 1,74 0,0 1,31 0,0 1,104 0,0 1,15 0,0 1,69 0,0 1,85 0,0 1,102 1,38 0,0 0,0 1,47 1,84 1,93 1,92 1,53 1,97 1,70 1,61 
1,84 1,94 1,92 0,0 1,89 0,0 1,34 0,0 0,0 0,0 1,31 1,105 1,107 0,0 1,101 1,11 0,0 1,70 1,60 1,47 1,68 1,81 1,101 1,34 0,0 0,0 0,0 1,64 1,46 1,56 0,0 1,77 0,0 1,102 0,0 1,102 0,0 1,84 0,0 1,59 0,0 1,98 1,81 1,94 0,0 1,25 1,103 1,57 0,0 1,53 1,100 1,80 1,94 1,89 0,0 0,0 0,0 1,24 0,0 1,65 0,0 0,0 0,0 1,83 0,0 1,52 0,0 1,44 1,32 0,0 1,66 1,52 1,36 1,39 1,89 1,108 1,33 1,91 1,68 1,58 0,0 1,55 0,0 0,0 1,47 1,34 0,0 1,64 1,91 1,29 0,0 1,77 1,32 0,0 1,40 1,64 0,0 1,26 1,92 1,100 
1,62 1,96 0,0 1,66 1,96 1,98 1,70 0,0 1,81 0,0 1,69 1,19 1,89 0,0 1,99 1,56 0,0 1,93 0,0 0,0 1,66 0,0 0,0 0,0 1,25 1,98 1,63 0,0 0,0 1,96 1,98 0,0 1,34 1,16 1,69 1,43 0,0 1,54 1,41 1,47 1,20 1,22 1,13 1,102 1,46 1,30 0,0 1,90 1,89 1,56 1,69 0,0 0,0 1,57 1,73 1,39 1,69 1,87 0,0 1,72 1,105 1,69 1,50 1,56 1,100 0,0 1,69 1,77 1,79 1,70 1,74 1,70 0,0 1,85 0,0 1,59 1,43 1,37 1,21 0,0 0,0 1,47 0,0 1,23 0,0 1,68 1,72 0,0 1,101 1,86 1,45 1,73 1,81 1,60 1,17 0,0 1,81 1,108 0,0 1,81 
1,73 1,107 1,53 1,41 0,0 1,103 1,48 1,17 1,21 1,36 1,91 0,0 1,29 1,35 1,66 0,0 0,0 1,70 0,0 0,0 0,0 1,67 0,0 1,100 0,0 1,66 1,81 1,52 0,0 1,81 0,0 1,98 1,81 1,57 1,52 1,39 1,36 0,0 0,0 1,69 1,87 1,73 1,66 1,45 1,53 1,66 0,0 0,0 0,0 1,105 0,0 1,59 1,57 1,75 0,0 1,94 0,0 0,0 1,15 1,100 1,78 0,0 0,0 0,0 1,82 0,0 1,96 0,0 1,104 0,0 0,0 0,0 1,49 1,71 1,16 1,78 1,29 0,0 1,48 1,28 0,0 0,0 0,0 0,0 1,97 1,52 1,12 1,105 1,94 0,0 1,32 1,48 1,98 1,40 1,12 1,52 1,33 1,48 0,0 1,95 
1,24 0,0 1,79 1,19 0,0 1,82 0,0 1,95 1,85 0,0 0,0 1,33 1,27 1,94 1,100 1,100 0,0 1,28 0,0 1,84 1,17 1,41 1,81 0,0 1,29 1,25 1,36 1,13 0,0 0,0 1,81 1,86 1,24 0,0 1,98 1,49 0,0 1,13 0,0 0,0 0,0 1,33 1,48 1,32 1,46 0,0 1,56 1,45 1,34 0,0 1,84 1,30 1,62 1,34 1,20 1,69 1,57 1,14 0,0 1,51 1,87 1,43 0,0 1,104 1,74 0,0 0,0 0,0 0,0 0,0 0,0 1,10 1,52 1,102 0,0 0,0 0,0 1,72 0,0 1,23 1,33 1,18 1,69 1,60 1,54 1,84 0,0 1,91 0,0 1,10 0,0 0,0 1,57 1,104 1,81 0,0 1,34 1,35 1,109 0,0 
1,57 1,41 1,51 1,33 1,21 1,28 0,0 0,0 1,104 1,70 1,69 0,0 0,0 1,80 1,34 0,0 1,62 0,0 1,39 1,11 0,0 1,66 1,107 0,0 1,100 1,109 1,41 1,36 1,48 1,16 1,106 0,0 1,94 1,53 1,36 1,22 1,82 1,57 1,24 1,69 1,68 1,75 1,27 1,32 1,85 1,82 1,59 1,85 1,24 1,65 1,95 1,91 1,54 1,35 1,57 1,77 1,51 0,0 1,106 0,0 1,65 1,63 1,81 0,0 1,80 1,76 0,0 1,47 1,80 1,14 1,92 1,10 1,95 1,17 1,83 1,18 0,0 1,44 1,76 1,64 1,17 1,30 1,16 1,42 1,61 1,109 1,29 1,108 0,0 1,70 1,66 1,27 0,0 1,53 1,60 0,0 1,53 1,78 0,0 1,54 
1,61 1,27 1,88 0,0 1,82 1,21 1,90 1,60 1,103 0,0 0,0 1,83 1,29 1,22 0,0 1,51 0,0 1,48 0,0 1,12 1,101 0,0 1,46 1,45 0,0 1,32 1,69 0,0 1,105 1,23 1,103 0,0 1,27 0,0 1,57 1,91 1,89 1,72 1,51 0,0 1,67 1,22 1,107 0,0 1,88 1,44 1,56 1,17 1,47 1,66 1,96 1,73 1,60 1,82 1,22 0,0 1,61 0,0 1,40 1,91 1,39 1,41 1,25 1,54 1,88 1,20 0,0 0,0 1,32 1,91 0,0 1,38 1,79 1,17 1,76 1,91 1,24 1,45 1,32 1,64 1,12 0,0 1,86 1,49 1,31 1,82 1,66 1,52 1,94 1,43 1,84 0,0 1,22 0,0 1,40 1,27 1,31 0,0 1,54 1,16 
1,46 1,100 1,74 1,40 1,54 0,0 1,76 1,41 1,63 0,0 1,84 1,87 1,19 1,19 0,0 1,107 1,52 0,0 0,0 1,25 1,85 1,26 0,0 1,79 0,0 0,0 0,0 0,0 0,0 1,62 1,64 1,109 1,17 0,0 1,98 1,69 1,11 1,83 1,100 1,103 0,0 0,0 1,42 1,26 1,20 1,72 0,0 1,34 1,16 1,57 1,46 1,86 1,15 1,73 1,84 0,0 0,0 0,0 1,42 0,0 1,30 1,57 1,100 1,51 0,0 0,0 1,32 1,92 0,0 1,37 1,88 1,74 1,28 1,33 1,83 1,29 0,0 1,23 1,29 1,65 1,89 1,79 1,65 0,0 1,99 1,17 1,104 0,0 0,0 1,108 1,60 0,0 1,10 0,0 1,83 0,0 0,0 1,71 0,0 1,98 
1,46 1,101 1,82 0,0 1,101 0,0 1,38 0,0 0,0 1,93 1,109 1,92 1,80 0,0 1,102 1,51 0,0 1,63 1,69 1,71 0,0 1,54 1,43 1,46 1,94 1,94 1,78 1,73 0,0 0,0 1,45 1,18 0,0 1,59 1,41 1,97 1,19 0,0 1,75 1,94 1,76 0,0 1,101 1,25 0,0 1,54 0,0 1,24 1,18 1,73 1,93 1,16 1,34 0,0 0,0 1,14 1,38 1,52 1,77 1,21 0,0 0,0 0,0 0,0 0,0 1,69 1,31 1,80 1,107 1,48 0,0 1,18 1,54 1,100 0,0 1,25 1,55 1,82 1,48 1,58 1,66 1,68 1,105 1,104 1,65 1,33 0,0 1,50 1,40 1,10 0,0 0,0 1,93 1,56 1,11 1,29 1,86 0,0 1,92 1,21 
0,0 1,15 1,95 1,36 1,96 1,83 1,44 1,31 1,31 0,0 1,29 0,0 0,0 0,0 0,0 1,83 0,0 1,50 1,85 1,55 1,77 0,0 0,0 1,93 0,0 0,0 0,0 1,70 1,13 1,39 1,33 1,41 1,49 0,0 0,0 0,0 0,0 1,61 1,44 1,57 1,102 0,0 0,0 0,0 0,0 1,81 1,94 1,54 1,45 1,56 0,0 1,75 1,73 1,51 1,76 1,69 1,77 1,83 1,30 1,91 1,66 1,74 1,23 1,42 1,15 1,99 0,0 1,100 1,92 1,80 0,0 0,0 0,0 1,21 1,40 0,0 1,11 1,67 0,0 1,23 0,0 1,32 1,78 1,99 1,74 1,70 1,33 1,107 0,0 1,89 1,39 1,43 1,85 1,31 1,58 0,0 1,60 1,14 1,40 0,0 
1,57 0,0 0,0 0,0 1,78 1,22 1,85 1,75 1,97 0,0 1,91 0,0 1,50 1,86 1,67 1,81 0,0 0,0 0,0 0,0 1,48 0,0 1,56 0,0 1,17 1,63 1,93 1,65 0,0 1,75 1,32 1,60 1,62 1,77 1,104 0,0 1,83 0,0 1,34 0,0 1,57 0,0 0,0 1,88 1,88 1,53 1,36 0,0 1,58 0,0 0,0 1,21 1,80 0,0 1,41 1,84 1,32 1,96 1,25 1,106 0,0 1,108 1,19 1,90 1,101 0,0 1,80 1,15 1,83 0,0 1,49 1,99 1,71 1,61 1,33 1,55 1,28 0,0 0,0 0,0 1,13 1,81 1,10 1,76 1,82 1,67 0,0 1,86 1,72 0,0 1,72 1,22 1,73 1,59 1,34 1,48 1,27 1,24 1,73 1,48 
0,0 1,93 1,46 1,47 1,47 0,0 1,93 1,93 0,0 1,87 1,61 1,81 0,0 1,98 1,42 0,0 0,0 1,39 1,14 1,57 1,92 1,83 1,105 1,91 1,87 1,40 1,84 0,0 1,52 1,107 0,0 1,42 1,65 0,0 1,108 1,99 1,80 0,0 1,16 0,0 1,28 0,0 0,0 0,0 1,84 1,54 0,0 1,78 1,47 1,51 1,87 1,26 1,14 1,67 1,24 1,108 1,99 1,63 1,35 0,0 0,0 1,87 1,27 0,0 1,61 0,0 1,27 0,0 1,58 1,12 1,31 1,82 1,47 1,27 1,83 0,0 1,108 0,0 1,29 1,88 1,15 1,109 0,0 1,11 1,44 1,76 1,30 1,12 1,60 0,0 1,66 1,83 1,11 1,93 0,0 1,48 0,0 1,49 1,57 1,70 
1,77 1,38 1,74 1,91 1,88 1,102 1,13 1,60 1,14 1,93 1,88 0,0 1,33 1,38 1,32 1,20 0,0 1,58 1,66 1,72 1,55 0,0 0,0 0,0 1,109 1,105 0,0 0,0 0,0 0,0 0,0 1,70 1,43 1,54 0,0 1,20 1,37 1,57 1,82 1,85 0,0 1,41 1,56 0,0 1,99 1,22 1,17 0,0 1,74 1,42 0,0 1,84 0,0 0,0 0,0 0,0 1,107 1,73 1,71 0,0 1,106 1,24 1,103 1,13 1,47 1,47 1,45 0,0 1,18 1,29 1,47 1,97 1,106 0,0 0,0 1,63 1,14 1,97 1,76 1,60 1,103 0,0 1,107 1,73 1,89 1,106 1,44 1,76 1,87 1,68 1,27 0,0 1,99 1,81 0,0 1,37 0,0 0,0 0,0 0,0 
0,0 1,27 1,107 1,25 0,0 1,31 1,16 1,62 1,86 1,75 1,84 1,72 1,99 1,22 0,0 0,0 0,0 0,0 1,101 1,34 1,60 1,102 1,65 1,34 1,92 1,106 0,0 1,77 0,0 0,0 1,75 0,0 1,59 1,18 1,17 1,58 1,21 0,0 1,85 1,62 0,0 1,19 1,84 1,38 1,29 0,0 1,44 1,40 1,99 1,59 1,74 1,31 1,46 1,76 1,31 0,0 1,86 1,84 0,0 0,0 0,0 1,27 1,92 0,0 1,55 0,0 1,88 1,84 0,0 1,39 1,49 1,63 1,61 1,102 1,89 1,97 1,53 1,76 0,0 1,61 1,45 1,93 1,22 1,50 0,0 1,30 0,0 1,61 1,51 1,34 1,96 1,57 0,0 0,0 1,14 1,28 0,0 1,15 1,58 1,14 
0,0 1,14 1,52 0,0 1,68 1,32 1,37 1,29 0,0 1,38 0,0 1,90 1,87 0,0 1,72 1,99 1,91 1,94 1,87 0,0 1,94 0,0 1,32 1,82 1,18 1,35 1,64 1,93 1,62 0,0 1,63 1,45 0,0 1,102 0,0 1,57 1,89 1,95 1,18 1,103 1,44 1,80 1,28 1,66 1,67 1,82 1,58 1,63 0,0 1,86 1,96 1,70 1,51 0,0 1,40 1,84 1,30 1,14 1,103 1,93 1,24 1,20 1,34 0,0 1,41 1,82 0,0 0,0 1,90 1,67 1,44 1,50 1,102 0,0 1,17 1,20 1,45 0,0 1,65 1,36 1,81 1,73 0,0 1,65 0,0 1,100 0,0 0,0 1,81 1,36 1,66 0,0 1,10 1,72 0,0 1,53 0,0 1,94 1,25 1,78 
1,56 0,0 1,41 1,39 1,87 1,57 1,79 0,0 1,40 1,49 0,0 0,0 0,0 0,0 1,23 1,44 0,0 1,31 1,108 1,100 1,91 1,81 1,104 1,86 1,14 1,64 0,0 0,0 1,102 1,43 0,0 1,37 1,77 1,83 1,14 1,75 1,96 0,0 1,41 1,100 1,104 1,50 1,27 0,0 1,30 1,89 1,76 1,17 0,0 1,55 1,31 1,93 0,0 1,15 1,68 0,0 0,0 0,0 0,0 0,0 1,29 1,24 1,34 1,81 1,53 1,19 0,0 0,0 1,14 1,71 1,30 1,17 0,0 1,72 1,104 0,0 0,0 1,33 1,56 0,0 0,0 1,12 0,0 1,87 1,51 0,0 0,0 1,86 1,91 1,88 1,62 1,70 1,88 0,0 1,83 1,36 0,0 1,34 1,65 1,84 
1,35 1,11 1,55 0,0 0,0 1,14 1,18 1,42 1,92 1,36 1,107 0,0 1,74 0,0 1,55 0,0 1,38 1,11 1,14 1,99 0,0 1,52 1,52 0,0 0,0 0,0 1,92 1,17 0,0 1,34 1,78 1,19 0,0 1,60 1,63 1,66 0,0 1,58 1,101 1,96 1,101 0,0 1,92 0,0 0,0 1,31 1,56 0,0 1,47 1,80 1,90 1,46 1,86 1,72 0,0 0,0 0,0 1,103 1,101 1,27 1,67 0,0 1,33 1,88 0,0 0,0 0,0 0,0 0,0 1,76 1,41 1,52 1,64 1,86 1,61 1,104 0,0 1,53 1,109 1,11 1,95 0,0 1,10 1,16 1,91 1,41 1,103 1,71 1,48 0,0 1,54 1,40 1,15 0,0 0,0 0,0 0,0 1,79 1,76 0,0 
0,0 0,0 0,0 0,0 1,38 1,77 1,66 1,59 1,48 1,15 0,0 1,20 1,54 0,0 1,76 1,60 1,92 1,84 1,46 1,44 0,0 1,97 0,0 0,0 0,0 1,89 1,45 1,48 1,24 0,0 1,67 1,51 1,21 1,51 0,0 0,0 1,19 0,0 1,30 1,74 1,20 1,76 1,17 1,18 1,79 0,0 1,33 1,61 1,106 0,0 1,12 0,0 1,61 0,0 1,108 0,0 0,0 0,0 1,15 0,0 1,36 1,45 1,103 1,65 1,73 1,45 1,25 1,40 1,15 1,46 0,0 1,52 0,0 1,106 0,0 1,14 1,48 0,0 1,63 0,0 0,0 1,68 0,0 1,88 0,0 1,55 1,65 1,11 1,25 0,0 1,31 1,86 1,100 0,0 1,99 0,0 1,108 0,0 0,0 1,101 
1,84 0,0 1,28 1,88 1,87 1,106 1,59 1,107 0,0 1,98 1,11 1,44 0,0 1,43 1,36 1,52 1,69 1,109 0,0 1,26 1,83 1,102 1,74 1,28 1,107 1,109 1,64 1,18 1,85 1,39 1,85 0,0 0,0 1,92 1,71 1,94 1,22 1,60 1,48 1,62 1,62 1,84 1,49 1,107 1,11 1,19 1,92 1,32 1,31 1,44 0,0 0,0 1,31 1,70 1,20 1,88 1,40 1,91 1,103 1,64 0,0 1,58 1,48 1,41 1,42 1,13 0,0 0,0 1,65 1,106 0,0 0,0 0,0 0,0 1,38 1,102 1,49 0,0 1,13 1,36 1,44 1,50 1,55 1,50 1,88 1,43 1,101 1,105 1,35 0,0 1,32 1,51 1,92 1,94 1,76 1,35 1,42 1,42 1,98 1,21 
1,104 0,0 1,109 0,0 0,0 0,0 1,35 0,0 1,11 0,0 1,78 1,60 0,0 1,90 0,0 0,0 0,0 1,72 0,0 1,95 1,21 0,0 1,100 0,0 1,24 0,0 1,67 1,86 1,97 0,0 1,65 0,0 1,85 0,0 1,31 1,52 1,45 1,15 1,21 1,54 0,0 1,90 0,0 1,27 0,0 1,72 0,0 1,56 1,72 1,50 1,38 1,75 1,81 0,0 1,72 1,58 0,0 1,71 1,74 1,12 1,63 1,23 0,0 0,0 0,0 0,0 0,0 0,0 1,12 1,31 0,0 1,75 1,55 1,59 1,32 0,0 1,10 1,93 1,46 0,0 1,80 1,109 0,0 0,0 1,99 0,0 1,54 1,75 1,109 1,73 1,62 1,16 0,0 1,50 1,99 1,94 0,0 1,56 1,61 0,0 
1,26 1,15 1,57 1,25 0,0 0,0 1,93 1,73 1,76 1,81 1,43 1,26 1,13 0,0 0,0 1,62 1,59 1,16 1,67 1,38 1,54 1,69 1,64 1,102 1,102 1,90 1,31 1,57 1,76 1,61 1,82 1,13 1,41 1,39 0,0 1,89 1,102 1,37 1,68 1,34 1,12 1,39 1,73 1,68 1,48 0,0 1,83 1,39 1,72 1,75 0,0 0,0 1,59 1,15 1,76 1,93 1,68 1,58 1,35 1,41 1,89 1,40 1,65 0,0 0,0 0,0 0,0 1,62 1,60 1,64 1,44 1,13 1,75 1,40 0,0 0,0 1,104 1,73 0,0 1,51 1,51 1,59 0,0 1,56 0,0 1,14 0,0 1,79 0,0 1,57 1,18 1,59 1,84 1,18 1,11 1,79 1,52 1,81 1,10 1,49 
1,39 1,23 0,0 0,0 1,37 1,88 1,100 0,0 0,0 1,52 1,19 0,0 1,90 0,0 1,17 0,0 1,27 1,92 0,0 0,0 1,95 1,20 0,0 0,0 1,20 1,88 1,33 1,10 1,52 1,90 1,21 1,29 1,88 1,98 1,107 1,67 1,19 1,13 0,0 0,0 0,0 1,26 1,95 0,0 0,0 1,45 1,91 1,100 0,0 1,109 1,81 1,108 1,55 1,43 1,44 1,107 1,103 1,84 0,0 1,78 1,98 1,75 1,10 1,36 0,0 1,79 1,27 1,30 1,99 1,93 0,0 0,0 1,27 1,102 1,41 1,26 1,43 1,84 1,25 1,68 1,94 1,75 1,70 1,30 1,14 1,103 1,42 0,0 0,0 0,0 1,58 0,0 0,0 1,17 0,0 1,53 1,107 0,0 1,74 1,36 
0,0 0,0 0,0 1,13 1,28 0,0 0,0 0,0 1,51 1,54 0,0 1,31 1,62 1,69 0,0 1,60 1,89 1,95 1,97 1,62 1,72 1,51 0,0 1,48 1,86 1,53 1,33 1,48 1,18 1,81 0,0 1,75 1,45 1,53 1,46 1,19 1,60 1,102 1,13 0,0 1,99 1,102 0,0 1,70 0,0 1,45 1,25 0,0 0,0 1,42 0,0 1,92 0,0 0,0 0,0 1,105 1,13 0,0 1,45 1,89 1,22 1,24 0,0 0,0 1,43 1,107 0,0 1,96 1,24 0,0 1,73 0,0 1,29 1,32 1,16 1,75 0,0 1,29 1,13 0,0 0,0 0,0 1,31 1,104 0,0 1,10 1,23 1,58 1,19 1,28 0,0 1,56 1,84 0,0 1,89 1,59 1,95 1,107 1,62 1,72 
0,0 0,0 0,0 1,48 0,0 1,13 0,0 1,44 1,52 1,23 0,0 1,81 1,68 0,0 1,50 0,0 0,0 1,87 0,0 1,41 1,25 0,0 1,62 1,62 1,41 0,0 1,31 0,0 1,38 1,92 1,100 1,105 1,47 0,0 1,95 1,73 1,67 1,79 1,107 1,47 1,11 1,26 1,84 1,43 1,39 1,77 0,0 1,10 1,64 1,42 0,0 1,75 1,43 1,95 1,74 1,11 1,50 1,59 1,99 0,0 1,62 1,68 1,97 1,15 1,23 0,0 0,0 1,100 0,0 1,108 1,29 0,0 1,108 1,95 1,95 1,36 0,0 1,10 0,0 1,84 1,87 1,74 1,19 1,101 0,0 1,74 1,70 1,54 1,60 1,29 1,56 1,74 1,24 1,38 0,0 1,77 0,0 1,68 1,89 1,36 
1,94 1,91 1,56 1,29 1,101 1,103 1,104 0,0 1,10 1,14 1,36 1,32 0,0 1,107 0,0 0,0 1,79 1,80 1,16 0,0 0,0 1,28 1,68 1,95 0,0 1,72 0,0 1,94 1,62 0,0 1,92 1,20 1,64 1,35 1,21 1,11 1,58 1,92 1,39 1,43 1,92 0,0 1,71 1,72 0,0 1,13 0,0 0,0 1,46 1,58 1,76 1,71 1,98 1,82 1,108 1,100 0,0 0,0 1,86 1,77 0,0 0,0 0,0 1,59 1,27 0,0 1,43 1,52 0,0 1,82 1,29 0,0 0,0 1,71 1,89 1,79 1,24 0,0 1,107 0,0 0,0 1,22 1,42 1,97 0,0 0,0 1,104 1,53 0,0 1,91 1,32 1,75 1,95 0,0 1,79 0,0 1,24 1,55 1,62 0,0 
1,65 1,38 1,33 1,44 0,0 1,33 1,33 1,79 1,54 1,42 1,33 0,0 1,33 1,64 0,0 1,55 1,27 0,0 0,0 1,78 1,103 0,0 1,54 1,76 1,75 0,0 1,21 0,0 1,56 1,17 1,102 0,0 1,57 1,79 0,0 1,74 0,0 1,25 1,13 1,43 1,58 1,34 1,21 0,0 0,0 1,67 0,0 0,0 1,82 0,0 1,62 1,47 1,87 1,27 1,105 0,0 1,102 1,104 1,105 1,41 0,0 1,54 1,23 1,102 1,24 1,54 1,47 0,0 1,31 1,30 0,0 1,62 0,0 1,74 1,63 1,64 0,0 1,86 1,40 1,22 1,67 1,95 0,0 0,0 1,97 1,60 1,106 1,73 1,73 1,57 1,31 0,0 1,14 1,39 1,105 1,93 1,33 1,89 1,14 0,0 
0,0 1,86 1,99 1,40 0,0 1,71 1,96 1,25 1,12 1,53 1,93 1,37 1,21 0,0 0,0 1,92 0,0 0,0 1,50 1,76 1,106 1,33 1,29 1,85 1,69 0,0 0,0 1,89 1,62 1,20 0,0 1,75 0,0 1,19 1,45 0,0 1,35 1,33 1,91 1,63 0,0 0,0 1,97 1,93 0,0 1,96 0,0 1,13 1,39 1,88 1,48 1,10 1,92 1,44 0,0 1,39 1,101 1,64 1,73 0,0 1,63 0,0 1,24 1,77 1,39 0,0 1,35 1,109 1,109 0,0 1,64 0,0 0,0 0,0 1,78 1,92 0,0 1,102 0,0 1,101 0,0 1,52 1,75 1,31 1,62 0,0 1,72 1,12 1,41 1,54 1,94 1,34 1,73 1,71 1,44 0,0 1,69 1,74 1,26 1,77 
1,21 1,107 1,81 1,45 0,0 1,41 1,61 0,0 1,71 1,48 1,18 0,0 1,23 0,0 1,56 1,53 1,70 1,39 1,80 0,0 0,0 0,0 0,0 1,56 1,58 0,0 0,0 0,0 1,71 0,0 0,0 0,0 1,38 0,0 1,85 1,62 1,43 1,109 0,0 0,0 1,34 1,13 0,0 1,40 1,48 1,58 1,31 1,18 1,23 1,15 1,49 0,0 0,0 1,94 1,75 1,41 1,57 1,65 1,104 1,26 1,67 1,68 1,93 0,0 1,15 1,27 0,0 1,49 1,100 0,0 0,0 1,100 1,96 1,67 0,0 1,109 1,23 1,94 1,40 1,37 1,36 1,43 1,100 1,37 1,47 1,40 1,13 1,13 0,0 1,92 1,40 1,97 0,0 0,0 1,81 1,29 1,35 1,98 1,76 1,31 
1,64 0,0 0,0 1,23 1,40 1,90 1,93 1,18 1,72 1,67 1,28 0,0 0,0 0,0 0,0 1,65 1,100 1,99 1,60 1,32 0,0 1,70 1,37 0,0 1,108 0,0 1,80 1,18 0,0 1,48 0,0 1,95 1,103 1,36 1,40 1,98 1,34 1,75 0,0 1,65 0,0 0,0 1,21 1,51 1,52 1,15 1,105 1,69 1,87 1,108 1,101 1,17 1,104 0,0 1,61 1,88 1,106 0,0 1,28 1,52 0,0 0,0 1,106 1,109 0,0 0,0 1,37 0,0 1,58 1,63 1,109 1,72 1,55 0,0 1,59 1,80 1,104 1,22 1,85 1,82 1,71 0,0 1,57 0,0 0,0 0,0 1,42 1,98 1,18 1,69 1,27 1,87 1,32 1,15 1,18 1,47 1,48 1,83 1,76 0,0 
0,0 1,82 1,57 1,56 1,24 1,67 1,87 0,0 1,109 1,17 1,92 0,0 1,35 0,0 0,0 1,70 0,0 1,70 1,65 1,76 0,0 0,0 1,65 1,77 1,87 1,36 1,27 1,106 1,34 1,21 1,100 1,66 1,34 1,84 1,70 0,0 0,0 1,102 1,83 1,27 1,95 1,44 0,0 1,47 0,0 1,37 0,0 1,78 1,75 1,22 1,26 1,17 1,55 0,0 1,66 0,0 1,50 1,104 1,96 1,52 1,38 1,28 1,58 1,84 1,107 1,28 0,0 1,30 1,108 1,23 0,0 1,106 1,63 0,0 1,13 1,94 1,64 0,0 0,0 1,46 0,0 1,65 1,97 1,64 1,32 1,94 1,93 1,44 0,0 1,69 0,0 1,109 1,76 1,68 0,0 1,24 1,47 1,79 1,108 1,22 
0,0 0,0 0,0 1,70 1,60 1,95 1,15 1,72 1,45 1,108 1,90 1,10 0,0 1,31 1,16 1,49 0,0 1,32 1,14 1,59 0,0 0,0 1,104 1,57 0,0 1,94 1,87 1,66 1,31 0,0 1,84 1,70 0,0 1,91 1,26 1,18 1,82 1,63 1,29 1,10 0,0 0,0 1,71 1,88 1,54 0,0 0,0 1,61 1,96 1,36 1,18 0,0 1,45 0,0 1,89 0,0 1,97 1,25 1,15 1,86 0,0 1,80 0,0 1,89 1,61 1,72 0,0 0,0 1,50 0,0 1,14 1,71 1,107 0,0 0,0 1,80 0,0 1,61 1,25 1,73 1,43 1,20 1,17 1,20 0,0 1,13 1,97 0,0 1,105 1,109 1,82 1,21 1,60 1,70 1,47 0,0 1,86 0,0 1,89 1,15 
0,0 0,0 1,16 1,87 1,98 1,78 0,0 0,0 1,57 1,60 0,0 1,86 1,23 1,48 1,18 1,14 1,109 1,101 0,0 0,0 0,0 0,0 1,100 1,31 1,76 1,88 0,0 1,37 1,50 0,0 1,39 1,54 1,26 1,90 1,33 1,39 1,11 1,48 1,20 0,0 1,83 1,50 0,0 1,108 0,0 1,21 0,0 0,0 1,109 1,91 1,11 0,0 1,52 0,0 1,53 1,32 1,95 0,0 1,107 1,43 1,46 1,65 1,88 1,14 1,79 1,11 0,0 1,57 0,0 1,65 1,26 1,102 1,70 1,107 1,30 1,108 1,41 0,0 1,58 1,13 1,60 1,23 1,59 1,102 1,13 0,0 1,103 0,0 0,0 1,68 1,53 1,45 1,18 0,0 0,0 0,0 0,0 1,34 1,92 1,31 
1,49 1,40 0,0 0,0 0,0 1,12 1,95 1,13 1,41 1,70 0,0 1,81 0,0 1,65 1,32 1,24 0,0 1,96 1,24 1,61 1,47 1,70 1,88 0,0 1,70 1,73 0,0 1,83 0,0 1,60 0,0 1,70 1,102 1,90 1,46 1,23 1,61 1,95 1,88 0,0 1,12 1,36 1,13 0,0 1,79 1,36 1,18 1,34 0,0 1,66 0,0 0,0 1,11 0,0 0,0 0,0 1,76 1,71 1,89 0,0 1,55 1,87 0,0 0,0 0,0 0,0 1,26 0,0 1,30 1,57 0,0 1,103 1,68 1,74 1,36 0,0 0,0 1,26 1,29 1,77 0,0 1,106 0,0 0,0 0,0 1,93 0,0 1,20 0,0 1,102 1,72 0,0 1,62 1,14 1,54 1,77 0,0 0,0 0,0 0,0 
1,103 1,84 1,91 0,0 0,0 1,29 1,34 0,0 1,45 0,0 0,0 1,44 1,89 0,0 1,21 1,74 1,26 1,14 1,104 1,91 0,0 0,0 0,0 0,0 1,73 1,47 1,88 0,0 1,78 1,70 1,23 0,0 1,40 1,72 1,54 0,0 0,0 0,0 0,0 0,0 1,86 1,61 0,0 0,0 1,11 1,107 1,81 1,57 1,51 1,76 1,15 0,0 0,0 0,0 0,0 1,17 1,48 1,81 1,40 1,64 1,58 1,62 0,0 1,60 0,0 1,15 1,96 1,67 0,0 1,30 0,0 1,74 1,23 1,35 1,101 1,39 0,0 1,85 1,10 1,52 1,15 1,56 1,107 1,97 1,42 1,74 1,11 1,12 0,0 1,100 0,0 0,0 1,77 0,0 0,0 1,17 1,17 1,95 1,51 1,41 
1,86 1,10 1,78 0,0 0,0 1,67 1,103 1,75 1,34 0,0 1,78 1,52 1,83 1,40 0,0 0,0 1,18 1,75 0,0 1,38 0,0 1,85 1,13 1,61 1,107 0,0 1,44 1,100 0,0 0,0 0,0 1,83 1,53 0,0 0,0 1,90 0,0 0,0 1,73 1,60 1,71 1,67 1,18 1,13 1,43 0,0 1,105 1,61 0,0 1,21 0,0 0,0 1,25 1,10 1,45 0,0 0,0 0,0 1,34 0,0 1,44 1,34 1,71 1,87 0,0 0,0 1,15 0,0 1,34 1,89 0,0 1,109 0,0 0,0 1,91 0,0 1,54 0,0 1,32 1,43 1,60 1,44 1,50 1,96 1,35 1,37 0,0 1,39 1,67 1,53 0,0 1,85 1,39 1,60 1,10 0,0 1,91 1,32 1,57 1,101 
1,94 1,54 1,105 0,0 1,102 1,81 1,60 1,75 1,76 1,47 0,0 1,84 0,0 0,0 1,65 1,104 0,0 1,61 1,65 0,0 1,75 1,18 1,14 1,80 1,100 0,0 1,101 0,0 1,79 1,38 1,40 0,0 1,54 1,43 1,82 1,106 0,0 1,46 1,17 0,0 1,65 0,0 1,59 0,0 1,25 0,0 0,0 0,0 0,0 0,0 1,13 1,20 1,19 1,105 0,0 1,28 1,62 1,69 1,48 1,58 0,0 1,16 0,0 1,23 1,30 1,104 1,74 1,73 0,0 0,0 1,91 1,98 0,0 0,0 1,28 1,26 0,0 1,83 0,0 0,0 1,13 1,106 1,40 1,73 1,74 1,57 1,39 0,0 0,0 1,42 0,0 1,88 1,39 0,0 0,0 1,24 0,0 1,55 0,0 1,14 
1,69 1,108 0,0 1,89 1,51 0,0 0,0 1,99 0,0 1,104 1,93 1,85 1,12 1,78 1,69 0,0 1,95 1,71 1,26 0,0 1,103 0,0 1,87 0,0 1,60 1,79 1,98 1,60 1,90 1,92 1,106 1,27 0,0 1,50 0,0 0,0 1,15 1,19 0,0 1,32 1,40 0,0 1,88 0,0 1,27 1,65 1,30 0,0 1,73 1,11 1,54 1,82 0,0 1,21 1,56 1,76 1,99 1,69 1,107 1,49 1,58 1,26 1,107 0,0 1,33 0,0 1,25 1,59 1,25 1,52 1,29 1,89 1,59 1,107 0,0 1,106 1,45 1,79 1,84 1,69 0,0 0,0 1,103 0,0 1,27 1,101 1,102 1,19 1,48 1,30 0,0 1,28 1,95 1,90 0,0 0,0 1,63 1,76 1,27 1,103 
1,23 1,94 0,0 0,0 1,51 1,87 1,72 0,0 1,90 1,35 1,82 0,0 0,0 0,0 0,0 1,108 1,48 0,0 1,74 1,15 0,0 1,74 0,0 0,0 1,107 1,106 0,0 1,67 1,43 0,0 1,79 1,41 1,107 1,95 0,0 1,57 1,71 1,40 1,43 0,0 1,84 1,56 1,107 1,19 1,89 0,0 1,40 1,55 0,0 1,101 1,44 0,0 0,0 0,0 1,23 0,0 0,0 0,0 0,0 1,77 1,55 1,43 1,62 1,75 0,0 0,0 1,20 1,79 0,0 0,0 1,43 1,104 1,42 1,56 0,0 1,77 1,70 1,31 0,0 0,0 1,35 1,10 1,78 0,0 1,41 0,0 1,77 1,23 1,65 0,0 0,0 1,84 1,12 0,0 0,0 0,0 0,0 1,89 1,37 0,0 
1,76 1,61 1,16 0,0 1,42 1,27 1,79 1,65 0,0 0,0 0,0 1,79 0,0 1,37 0,0 1,11 1,45 1,70 1,34 1,40 0,0 1,12 1,46 0,0 0,0 1,19 1,60 0,0 1,96 1,31 1,35 1,97 0,0 0,0 1,28 1,72 0,0 1,14 1,71 1,29 1,24 1,25 0,0 0,0 1,61 1,73 1,76 0,0 1,82 1,84 1,49 1,104 1,74 1,48 1,95 1,87 0,0 1,95 0,0 0,0 0,0 1,59 0,0 0,0 1,49 1,42 1,78 0,0 1,85 1,18 0,0 1,71 1,34 1,33 1,96 1,75 1,48 1,38 0,0 1,71 0,0 1,105 1,36 1,21 1,99 1,17 0,0 1,87 0,0 0,0 0,0 1,102 0,0 1,58 0,0 0,0 1,108 1,29 1,88 1,105 
0,0 1,68 1,22 1,34 1,19 1,72 1,31 0,0 1,14 1,49 1,98 1,22 0,0 1,71 1,41 1,97 0,0 1,29 0,0 1,33 0,0 0,0 1,49 1,101 1,53 0,0 1,70 1,101 0,0 1,74 1,106 1,67 0,0 1,14 1,75 0,0 0,0 0,0 1,52 1,40 0,0 1,74 1,88 0,0 1,11 0,0 1,89 1,80 1,64 1,95 1,73 1,41 1,76 1,56 0,0 1,45 0,0 0,0 0,0 1,100 0,0 0,0 1,37 1,37 1,70 1,49 1,70 1,48 1,10 1,15 1,96 1,10 0,0 1,19 1,27 1,70 1,102 1,97 1,25 1,60 0,0 1,57 1,56 1,86 1,18 1,74 1,26 1,82 1,88 0,0 0,0 1,15 1,98 1,66 1,95 1,32 1,64 1,100 1,12 0,0 
1,98 1,98 1,101 1,51 1,53 1,87 0,0 1,57 0,0 1,25 1,107 1,29 1,35 0,0 1,54 1,101 0,0 0,0 0,0 1,73 0,0 1,55 0,0 1,34 1,26 0,0 1,62 1,105 1,28 0,0 0,0 1,56 1,50 1,92 1,66 1,28 1,63 1,36 1,23 1,49 0,0 0,0 0,0 1,46 1,94 1,62 1,78 1,66 1,24 1,94 1,69 0,0 1,63 1,57 0,0 1,101 0,0 0,0 1,65 0,0 1,96 1,49 1,81 1,49 1,100 0,0 1,47 1,20 1,19 1,48 0,0 0,0 0,0 0,0 0,0 1,48 1,61 1,26 1,63 1,103 0,0 1,45 1,17 1,12 1,54 1,11 1,18 1,58 1,67 1,30 1,109 1,38 0,0 1,54 0,0 0,0 0,0 1,29 0,0 1,74 
1,25 0,0 0,0 1,46 1,78 1,97 1,76 1,53 1,108 0,0 1,48 1,61 0,0 0,0 1,64 1,16 0,0 0,0 0,0 1,48 1,81 1,92 1,47 1,66 1,81 1,24 1,86 0,0 0,0 0,0 0,0 1,40 1,45 1,93 0,0 1,35 1,87 1,53 0,0 0,0 1,102 1,95 1,73 1,79 0,0 1,18 1,46 1,75 0,0 1,35 1,21 0,0 1,102 1,50 1,105 1,12 1,79 1,15 1,13 1,25 0,0 1,86 1,96 0,0 0,0 1,104 1,57 0,0 1,45 0,0 1,29 1,13 1,85 1,42 1,46 1,89 0,0 1,107 1,88 1,49 1,69 0,0 1,73 1,28 1,35 0,0 1,107 0,0 1,11 1,93 0,0 1,63 0,0 1,96 1,20 1,83 0,0 1,86 0,0 0,0 
1,74 0,0 1,43 1,73 1,74 1,55 0,0 0,0 1,65 1,100 1,61 0,0 1,42 1,107 0,0 0,0 0,0 0,0 1,51 1,75 0,0 1,14 1,57 0,0 0,0 1,57 1,40 1,78 0,0 1,102 1,48 0,0 0,0 0,0 0,0 1,15 0,0 1,40 1,27 1,97 1,75 1,76 1,75 1,77 1,28 1,87 0,0 1,77 1,67 1,37 1,93 0,0 1,86 1,107 1,50 0,0 1,33 0,0 0,0 1,89 1,15 1,42 1,61 0,0 1,48 1,64 1,49 1,94 0,0 0,0 0,0 0,0 0,0 1,22 1,94 1,85 0,0 1,91 1,85 0,0 0,0 1,53 1,54 1,82 1,24 1,33 1,58 0,0 1,63 1,22 0,0 0,0 1,25 1,79 1,27 1,58 1,15 1,102 0,0 1,24 
1,53 0,0 1,27 1,65 1,21 1,17 0,0 1,52 1,37 1,81 1,81 0,0 1,104 1,20 1,45 0,0 1,73 1,87 0,0 1,66 1,41 1,65 1,14 1,74 1,36 1,68 1,48 0,0 0,0 1,43 0,0 1,74 1,26 0,0 0,0 1,51 1,88 0,0 1,33 1,93 1,31 1,89 1,91 1,101 1,63 1,54 1,19 1,37 0,0 1,25 0,0 0,0 1,87 1,87 0,0 1,48 1,20 1,26 0,0 1,105 1,70 1,92 0,0 1,61 1,106 1,86 1,22 0,0 1,103 1,69 0,0 0,0 1,12 1,29 1,27 0,0 1,67 1,104 1,86 0,0 1,79 0,0 0,0 1,83 1,14 0,0 1,78 1,33 1,18 1,47 1,39 0,0 0,0 0,0 1,50 1,95 0,0 0,0 1,71 0,0 
1,104 1,53 0,0 1,94 1,80 1,90 0,0 1,39 1,100 0,0 0,0 0,0 1,41 1,72 0,0 0,0 0,0 1,72 0,0 1,36 1,38 1,30 1,63 1,46 1,52 1,70 1,98 1,79 1,82 1,97 1,13 0,0 0,0 1,74 0,0 0,0 1,101 1,20 1,41 1,32 0,0 1,34 1,104 1,85 1,76 1,45 1,52 1,49 1,45 0,0 1,31 1,51 1,20 1,25 1,87 0,0 1,96 0,0 1,14 1,90 1,73 1,41 1,65 1,60 1,30 1,14 0,0 0,0 1,109 0,0 1,54 1,37 1,100 0,0 1,53 0,0 1,107 1,35 1,43 1,13 1,76 1,79 1,37 1,104 0,0 1,45 1,64 1,46 1,33 1,52 1,35 1,78 1,93 0,0 1,107 0,0 1,49 0,0 0,0 1,36 
1,95 0,0 1,36 0,0 1,81 0,0 1,78 1,94 1,108 1,52 1,17 1,77 1,21 1,16 0,0 1,31 1,40 1,30 0,0 0,0 1,96 1,56 1,47 1,55 1,85 1,94 0,0 0,0 1,84 1,21 1,80 1,35 0,0 1,13 1,79 0,0 1,66 1,39 1,12 1,50 1,95 0,0 1,84 1,20 1,34 0,0 1,77 1,16 0,0 1,10 1,98 0,0 1,16 0,0 1,15 0,0 1,93 1,101 0,0 1,59 1,23 1,89 1,105 1,66 1,45 1,58 1,99 1,28 1,64 1,13 1,104 0,0 1,11 0,0 1,35 1,19 0,0 1,28 1,23 1,64 1,32 1,90 1,28 1,11 0,0 1,60 1,66 1,98 0,0 0,0 0,0 0,0 1,67 1,69 1,81 0,0 1,58 0,0 1,21 1,91 
1,67 0,0 0,0 0,0 1,40 0,0 1,12 1,78 0,0 1,85 1,84 0,0 1,38 0,0 1,14 0,0 0,0 0,0 1,88 1,24 1,89 1,98 1,95 1,103 0,0 0,0 0,0 1,58 1,87 1,85 1,101 0,0 1,60 1,14 0,0 1,36 1,46 0,0 0,0 1,88 1,15 0,0 0,0 1,12 1,10 1,106 0,0 1,45 1,85 0,0 0,0 1,40 1,103 0,0 1,37 1,58 0,0 1,27 1,20 1,65 1,30 1,87 0,0 0,0 1,103 1,98 0,0 1,89 1,63 0,0 1,70 1,93 1,83 1,65 1,28 0,0 1,91 0,0 1,77 0,0 1,80 0,0 1,17 1,29 1,77 1,90 1,88 1,28 1,38 0,0 0,0 0,0 1,78 1,82 0,0 1,52 1,11 1,100 1,11 1,58 
1,34 1,19 1,57 1,44 0,0 1,43 1,56 1,82 1,51 1,99 1,18 1,29 1,19 1,92 0,0 1,27 0,0 1,102 0,0 0,0 1,102 1,40 1,81 1,54 0,0 1,24 1,17 1,14 1,63 0,0 1,33 0,0 0,0 1,67 1,48 1,56 1,35 1,33 1,45 0,0 1,52 1,47 1,57 0,0 1,40 1,52 1,77 1,15 1,62 1,13 0,0 1,38 1,98 1,92 0,0 1,80 1,55 1,103 1,32 1,74 1,100 0,0 0,0 1,58 1,22 0,0 1,50 1,60 1,77 1,77 0,0 0,0 1,21 1,81 0,0 1,28 1,36 1,24 1,97 1,108 0,0 1,100 1,30 1,75 1,63 1,107 1,11 0,0 1,10 1,88 1,86 1,63 1,72 0,0 0,0 1,34 1,69 1,74 1,50 1,77 
0,0 1,42 1,86 1,14 0,0 1,58 1,55 0,0 1,101 1,47 1,50 1,33 1,32 0,0 0,0 0,0 1,102 0,0 1,79 1,70 1,64 0,0 1,51 1,107 0,0 0,0 1,35 1,52 1,87 1,30 1,99 1,75 1,20 1,87 1,31 1,69 0,0 0,0 0,0 1,97 0,0 0,0 1,48 1,86 1,21 1,85 1,42 1,30 1,107 1,80 1,19 1,10 1,95 1,19 1,34 0,0 0,0 1,95 1,29 1,18 0,0 1,28 1,60 1,73 0,0 0,0 1,34 1,32 1,60 1,81 1,90 0,0 1,56 0,0 0,0 1,53 0,0 1,80 1,92 1,58 1,15 1,16 1,98 1,105 0,0 0,0 0,0 0,0 1,41 1,41 1,34 1,24 1,85 0,0 1,29 1,96 0,0 0,0 1,49 1,51 
1,49 1,22 1,75 1,27 1,14 1,11 1,76 0,0 1,97 0,0 1,74 1,83 1,100 1,56 1,96 1,49 1,41 1,54 1,31 1,72 1,91 0,0 1,67 1,10 0,0 1,60 0,0 1,47 1,75 1,55 1,74 1,34 0,0 1,79 1,64 1,22 1,70 1,19 1,94 1,85 1,21 1,88 0,0 1,86 0,0 1,88 0,0 0,0 1,12 1,89 1,78 1,30 0,0 1,90 1,10 1,84 1,24 1,50 1,12 1,79 1,33 1,79 0,0 1,101 1,83 0,0 1,102 1,44 1,26 0,0 0,0 1,47 1,42 0,0 1,107 1,11 1,65 1,82 1,96 0,0 0,0 0,0 1,108 1,37 1,73 0,0 1,55 0,0 1,91 1,96 1,61 1,85 0,0 1,93 1,91 1,33 0,0 1,64 1,89 1,27 
0,0 1,88 1,43 0,0 1,21 1,97 1,24 1,69 1,27 0,0 0,0 1,103 1,88 1,26 1,17 1,96 1,103 1,12 0,0 1,87 1,37 1,48 1,17 1,107 1,12 1,82 0,0 1,95 0,0 1,105 0,0 1,44 1,64 1,29 1,24 1,75 1,32 0,0 0,0 1,91 1,105 0,0 0,0 1,24 0,0 1,69 0,0 0,0 1,15 1,44 0,0 1,57 1,51 1,104 1,106 1,35 1,60 1,60 1,17 1,97 1,34 1,57 0,0 0,0 1,81 1,36 1,24 0,0 1,101 1,36 1,109 1,54 1,34 1,82 1,14 0,0 0,0 1,49 1,17 1,89 0,0 0,0 1,19 0,0 1,10 1,56 1,41 1,49 1,91 1,99 1,31 1,61 1,11 0,0 1,87 1,20 1,100 0,0 1,17 1,49 
